Molecules 1 and 2
Conformations 0 and 0, from respective molecules.
[[0.7567 0.     0.     0.     0.    ]
 [0.     0.6815 0.     0.     0.    ]
 [0.     0.     0.53   0.     0.    ]
 [0.     0.     0.     0.     0.    ]
 [0.     0.     0.     0.     0.    ]
 [0.     0.     0.     0.     0.    ]
 [0.     0.     0.     0.399  0.    ]]
Conformations 0 and 1, from respective molecules.
[[1.2122 0.     0.     0.     0.    ]
 [0.     0.9513 0.     0.     0.    ]
 [0.     0.     0.7021 0.     0.    ]
 [0.     0.     0.     0.     0.    ]
 [0.     0.     0.     0.     0.    ]
 [0.     0.     0.     0.     0.    ]
 [0.     0.     0.     0.4756 0.    ]]
Conformations 0 and 2, from respective molecules.
[[0. 0. 0. 0. 0.]
 [0. 0. 0. 0. 0.]
 [0. 0. 0. 0. 0.]
 [0. 0. 0. 0. 0.]
 [0. 0. 0. 0. 0.]
 [0. 0. 0. 0. 0.]
 [0. 0. 0. 0. 0.]]
Conformations 0 and 3, from respective molecules.
[[1.0702 0.     0.     0.     0.    ]
 [0.     0.9067 0.     0.     0.    ]
 [0.     0.     0.7425 0.     0.    ]
 [0.     0.     0.     0.     0.    ]
 [0.     0.     0.     0.     0.    ]
 [0.     0.     0.     0.     0.    ]
 [0.     0.     0.     0.3729 0.    ]]
Conformations 0 and 4, from respective molecules.
[[0. 0. 0. 0. 0.]
 [0. 0. 0. 0. 0.]
 [0. 0. 0. 0. 0.]
 [0. 0. 0. 0. 0.]
 [0. 0. 0. 0. 0.]
 [0. 0. 0. 0. 0.]
 [0. 0. 0. 0. 0.]]
Conformations 0 and 5, from respective molecules.
[[0.801  0.     0.     0.     0.    ]
 [0.     0.6889 0.     0.     0.    ]
 [0.     0.     0.4673 0.     0.    ]
 [0.     0.     0.     0.     0.    ]
 [0.     0.     0.     0.     0.    ]
 [0.     0.     0.     0.     0.    ]
 [0.     0.     0.     0.5886 0.    ]]
Conformations 0 and 6, from respective molecules.
[[1.4827 0.     0.     0.     0.    ]
 [0.     0.6357 0.     0.     0.    ]
 [0.     0.     0.9192 0.     0.    ]
 [0.     0.     0.     0.     0.    ]
 [0.     0.     0.     0.     0.    ]
 [0.     0.     0.     0.     0.    ]
 [0.     0.     0.     1.2747 0.    ]]
Conformations 0 and 7, from respective molecules.
[[0. 0. 0. 0. 0.]
 [0. 0. 0. 0. 0.]
 [0. 0. 0. 0. 0.]
 [0. 0. 0. 0. 0.]
 [0. 0. 0. 0. 0.]
 [0. 0. 0. 0. 0.]
 [0. 0. 0. 0. 0.]]
Conformations 0 and 8, from respective molecules.
[[0.6454 0.     0.     0.     0.    ]
 [0.     0.5688 0.     0.     0.    ]
 [0.     0.     0.6423 0.     0.    ]
 [0.     0.     0.     0.     0.    ]
 [0.     0.     0.     0.     0.    ]
 [0.     0.     0.     0.     0.    ]
 [0.     0.     0.     0.7926 0.    ]]
Conformations 0 and 9, from respective molecules.
[[0.8822 0.     0.     0.     0.    ]
 [0.     0.7439 0.     0.     0.    ]
 [0.     0.     0.7942 0.     0.    ]
 [0.     0.     0.     0.     0.    ]
 [0.     0.     0.     0.     0.    ]
 [0.     0.     0.     0.     0.    ]
 [0.     0.     0.     0.5266 0.    ]]
Conformations 0 and 10, from respective molecules.
[[1.357  0.     0.     0.     0.    ]
 [0.     0.7899 0.     0.     0.    ]
 [0.     0.     0.4918 0.     0.    ]
 [0.     0.     0.     0.     0.    ]
 [0.     0.     0.     0.     0.    ]
 [0.     0.     0.     0.     0.    ]
 [0.     0.     0.     0.6487 0.    ]]
Conformations 0 and 11, from respective molecules.
[[0.8423 0.     0.     0.     0.    ]
 [0.     0.7308 0.     0.     0.    ]
 [0.     0.     0.4065 0.     0.    ]
 [0.     0.     0.     0.     0.    ]
 [0.     0.     0.     0.     0.    ]
 [0.     0.     0.     0.     0.    ]
 [0.     0.     0.     0.3406 0.    ]]
Conformations 1 and 0, from respective molecules.
[[0.     0.     0.     0.     0.    ]
 [0.     0.8155 0.     0.     0.    ]
 [0.     0.     0.8911 0.     0.    ]
 [0.     0.     0.     0.     0.    ]
 [0.     0.     0.     0.     0.    ]
 [0.     0.     0.     0.     0.    ]
 [0.     0.     0.     0.7622 0.    ]]
Conformations 1 and 1, from respective molecules.
[[0.     0.     0.     0.     0.    ]
 [0.     0.7506 0.     0.     0.    ]
 [0.     0.     0.964  0.     0.    ]
 [0.     0.     0.     0.     0.    ]
 [0.     0.     0.     0.     0.    ]
 [0.     0.     0.     0.     0.    ]
 [0.     0.     0.     1.2771 0.    ]]
Conformations 1 and 2, from respective molecules.
[[0. 0. 0. 0. 0.]
 [0. 0. 0. 0. 0.]
 [0. 0. 0. 0. 0.]
 [0. 0. 0. 0. 0.]
 [0. 0. 0. 0. 0.]
 [0. 0. 0. 0. 0.]
 [0. 0. 0. 0. 0.]]
Conformations 1 and 3, from respective molecules.
[[0.     0.     0.     0.     0.    ]
 [0.     0.7439 0.     0.     0.    ]
 [0.     0.     1.0515 0.     0.    ]
 [0.     0.     0.     0.     0.    ]
 [0.     0.     0.     0.     0.    ]
 [0.     0.     0.     0.     0.    ]
 [0.     0.     0.     1.0978 0.    ]]
Conformations 1 and 4, from respective molecules.
[[0. 0. 0. 0. 0.]
 [0. 0. 0. 0. 0.]
 [0. 0. 0. 0. 0.]
 [0. 0. 0. 0. 0.]
 [0. 0. 0. 0. 0.]
 [0. 0. 0. 0. 0.]
 [0. 0. 0. 0. 0.]]
Conformations 1 and 5, from respective molecules.
[[0.     0.     0.     0.     0.    ]
 [0.     0.8457 0.     0.     0.    ]
 [0.     0.     0.763  0.     0.    ]
 [0.     0.     0.     0.     0.    ]
 [0.     0.     0.     0.     0.    ]
 [0.     0.     0.     0.     0.    ]
 [0.     0.     0.     0.2613 0.    ]]
Conformations 1 and 6, from respective molecules.
[[0.     0.     0.     0.     0.    ]
 [0.     0.9007 0.     0.     0.    ]
 [0.     0.     0.8513 0.     0.    ]
 [0.     0.     0.     0.     0.    ]
 [0.     0.     0.     0.     0.    ]
 [0.     0.     0.     0.     0.    ]
 [0.     0.     0.     0.7532 0.    ]]
Conformations 1 and 7, from respective molecules.
[[0. 0. 0. 0. 0.]
 [0. 0. 0. 0. 0.]
 [0. 0. 0. 0. 0.]
 [0. 0. 0. 0. 0.]
 [0. 0. 0. 0. 0.]
 [0. 0. 0. 0. 0.]
 [0. 0. 0. 0. 0.]]
Conformations 1 and 8, from respective molecules.
[[0.     0.     0.     0.     0.    ]
 [0.     0.7756 0.     0.     0.    ]
 [0.     0.     0.5819 0.     0.    ]
 [0.     0.     0.     0.     0.    ]
 [0.     0.     0.     0.     0.    ]
 [0.     0.     0.     0.     0.    ]
 [0.     0.     0.     0.4586 0.    ]]
Conformations 1 and 9, from respective molecules.
[[0.     0.     0.     0.     0.    ]
 [0.     0.7315 0.     0.     0.    ]
 [0.     0.     0.7425 0.     0.    ]
 [0.     0.     0.     0.     0.    ]
 [0.     0.     0.     0.     0.    ]
 [0.     0.     0.     0.     0.    ]
 [0.     0.     0.     0.7963 0.    ]]
Conformations 1 and 10, from respective molecules.
[[0.     0.     0.     0.     0.    ]
 [0.     0.816  0.     0.     0.    ]
 [0.     0.     0.5151 0.     0.    ]
 [0.     0.     0.     0.     0.    ]
 [0.     0.     0.     0.     0.    ]
 [0.     0.     0.     0.     0.    ]
 [0.     0.     0.     0.4035 0.    ]]
Conformations 1 and 11, from respective molecules.
[[0.    0.    0.    0.    0.   ]
 [0.    0.83  0.    0.    0.   ]
 [0.    0.    0.922 0.    0.   ]
 [0.    0.    0.    0.    0.   ]
 [0.    0.    0.    0.    0.   ]
 [0.    0.    0.    0.    0.   ]
 [0.    0.    0.    0.721 0.   ]]
Conformations 2 and 0, from respective molecules.
[[0.     0.     0.     0.     0.    ]
 [0.     1.5184 0.     0.     0.    ]
 [0.     0.     1.1618 0.     0.    ]
 [0.     0.     0.     0.     0.    ]
 [0.     0.     0.     0.     0.    ]
 [0.     0.     0.     0.     0.    ]
 [0.     0.     0.     1.3339 0.    ]]
Conformations 2 and 1, from respective molecules.
[[0. 0. 0. 0. 0.]
 [0. 0. 0. 0. 0.]
 [0. 0. 0. 0. 0.]
 [0. 0. 0. 0. 0.]
 [0. 0. 0. 0. 0.]
 [0. 0. 0. 0. 0.]
 [0. 0. 0. 0. 0.]]
Conformations 2 and 2, from respective molecules.
[[0. 0. 0. 0. 0.]
 [0. 0. 0. 0. 0.]
 [0. 0. 0. 0. 0.]
 [0. 0. 0. 0. 0.]
 [0. 0. 0. 0. 0.]
 [0. 0. 0. 0. 0.]
 [0. 0. 0. 0. 0.]]
Conformations 2 and 3, from respective molecules.
[[0.     0.     0.     0.     0.    ]
 [0.     0.7893 0.     0.     0.    ]
 [0.     0.     1.2375 0.     0.    ]
 [0.     0.     0.     0.     0.    ]
 [0.     0.     0.     0.     0.    ]
 [0.     0.     0.     0.     0.    ]
 [0.     0.     0.     1.3674 0.    ]]
Conformations 2 and 4, from respective molecules.
[[0. 0. 0. 0. 0.]
 [0. 0. 0. 0. 0.]
 [0. 0. 0. 0. 0.]
 [0. 0. 0. 0. 0.]
 [0. 0. 0. 0. 0.]
 [0. 0. 0. 0. 0.]
 [0. 0. 0. 0. 0.]]
Conformations 2 and 5, from respective molecules.
[[0.     0.     0.     0.     0.    ]
 [0.     1.5428 0.     0.     0.    ]
 [0.     0.     1.1584 0.     0.    ]
 [0.     0.     0.     0.     0.    ]
 [0.     0.     0.     0.     0.    ]
 [0.     0.     0.     0.     0.    ]
 [0.     0.     0.     1.2323 0.    ]]
Conformations 2 and 6, from respective molecules.
[[0.     0.     0.     0.     0.    ]
 [0.     0.9196 0.     0.     0.    ]
 [0.     0.     0.7513 0.     0.    ]
 [0.     0.     0.     0.     0.    ]
 [0.     0.     0.     0.     0.    ]
 [0.     0.     0.     0.     0.    ]
 [0.     0.     0.     0.6774 0.    ]]
Conformations 2 and 7, from respective molecules.
[[0. 0. 0. 0. 0.]
 [0. 0. 0. 0. 0.]
 [0. 0. 0. 0. 0.]
 [0. 0. 0. 0. 0.]
 [0. 0. 0. 0. 0.]
 [0. 0. 0. 0. 0.]
 [0. 0. 0. 0. 0.]]
Conformations 2 and 8, from respective molecules.
[[0.     0.     0.     0.     0.    ]
 [0.     1.4434 0.     0.     0.    ]
 [0.     0.     0.7189 0.     0.    ]
 [1.7755 0.     0.     0.     0.    ]
 [0.     0.     0.     0.     0.    ]
 [0.     0.     0.     0.     0.    ]
 [0.     0.     0.     0.8526 0.    ]]
Conformations 2 and 9, from respective molecules.
[[0.     0.     0.     0.     0.    ]
 [0.     1.692  0.     0.     0.    ]
 [0.     0.     0.6883 0.     0.    ]
 [0.     0.     0.     0.     0.    ]
 [0.     0.     0.     0.     0.    ]
 [0.     0.     0.     0.     0.    ]
 [0.     0.     0.     1.3763 0.    ]]
Conformations 2 and 10, from respective molecules.
[[0.     0.     0.     0.     0.    ]
 [0.     0.8466 0.     0.     0.    ]
 [0.     0.     0.7145 0.     0.    ]
 [0.     0.     0.     0.     0.    ]
 [0.     0.     0.     0.     0.    ]
 [0.     0.     0.     0.     0.    ]
 [0.     0.     0.     0.5941 0.    ]]
Conformations 2 and 11, from respective molecules.
[[0.     0.     0.     0.     0.    ]
 [0.     0.856  0.     0.     0.    ]
 [0.     0.     1.1062 0.     0.    ]
 [0.     0.     0.     0.     0.    ]
 [0.     0.     0.     0.     0.    ]
 [0.     0.     0.     0.     0.    ]
 [0.     0.     0.     0.9493 0.    ]]
Conformations 3 and 0, from respective molecules.
[[1.7944 0.     0.     0.     0.    ]
 [0.     0.8244 0.     0.     0.    ]
 [0.     0.     0.7709 0.     0.    ]
 [0.     0.     0.     0.     0.    ]
 [0.     0.     0.     0.     0.    ]
 [0.     0.     0.     0.     0.    ]
 [0.     0.     0.     0.5946 0.    ]]
Conformations 3 and 1, from respective molecules.
[[1.6274 0.     0.     0.     0.    ]
 [0.     0.4913 0.     0.     0.    ]
 [0.     0.     0.808  0.     0.    ]
 [0.     0.     0.     0.     0.    ]
 [0.     0.     0.     0.     0.    ]
 [0.     0.     0.     0.     0.    ]
 [0.     0.     0.     1.022  0.    ]]
Conformations 3 and 2, from respective molecules.
[[0. 0. 0. 0. 0.]
 [0. 0. 0. 0. 0.]
 [0. 0. 0. 0. 0.]
 [0. 0. 0. 0. 0.]
 [0. 0. 0. 0. 0.]
 [0. 0. 0. 0. 0.]
 [0. 0. 0. 0. 0.]]
Conformations 3 and 3, from respective molecules.
[[1.5618 0.     0.     0.     0.    ]
 [0.     0.5186 0.     0.     0.    ]
 [0.     0.     0.8171 0.     0.    ]
 [0.     0.     0.     0.     0.    ]
 [0.     0.     0.     0.     0.    ]
 [0.     0.     0.     0.     0.    ]
 [0.     0.     0.     0.9277 0.    ]]
Conformations 3 and 4, from respective molecules.
[[1.6106 0.     0.     0.     0.    ]
 [0.     0.     0.     0.     0.    ]
 [0.     0.     1.2688 0.     0.    ]
 [0.     0.     0.     0.     0.    ]
 [0.     1.5566 0.     0.     0.    ]
 [0.     0.     0.     0.     0.    ]
 [0.     0.     0.     0.     0.    ]]
Conformations 3 and 5, from respective molecules.
[[1.6789 0.     0.     0.     0.    ]
 [0.     0.8681 0.     0.     0.    ]
 [0.     0.     0.7926 0.     0.    ]
 [0.     0.     0.     0.     0.    ]
 [0.     0.     0.     0.     0.    ]
 [0.     0.     0.     0.     0.    ]
 [0.     0.     0.     0.3539 0.    ]]
Conformations 3 and 6, from respective molecules.
[[1.9151 0.     0.     0.     0.    ]
 [0.     1.0913 0.     0.     0.    ]
 [0.     0.     1.0356 0.     0.    ]
 [0.     0.     0.     0.     0.    ]
 [0.     0.     0.     0.     0.    ]
 [0.     0.     0.     0.     0.    ]
 [0.     0.     0.     0.6033 0.    ]]
Conformations 3 and 7, from respective molecules.
[[1.1045 0.     0.     0.     0.    ]
 [0.     0.     0.     0.     0.    ]
 [0.     0.     0.     0.     0.    ]
 [0.     0.     0.     0.     0.    ]
 [0.     0.9652 0.     0.     0.    ]
 [0.     0.     0.     0.     0.    ]
 [0.     0.     0.     1.8974 0.    ]]
Conformations 3 and 8, from respective molecules.
[[1.6725 0.     0.     0.     0.    ]
 [0.     0.7166 0.     0.     0.    ]
 [0.     0.     0.5215 0.     0.    ]
 [0.     0.     0.     0.     0.    ]
 [0.     0.     0.     0.     0.    ]
 [0.     0.     0.     0.     0.    ]
 [0.     0.     0.     0.5653 0.    ]]
Conformations 3 and 9, from respective molecules.
[[1.4919 0.     0.     0.     0.    ]
 [0.     0.4592 0.     0.     0.    ]
 [0.     0.     0.5522 0.     0.    ]
 [0.     0.     0.     0.     0.    ]
 [0.     0.     0.     0.     0.    ]
 [0.     0.     0.     0.     0.    ]
 [0.     0.     0.     0.7407 0.    ]]
Conformations 3 and 10, from respective molecules.
[[1.8936 0.     0.     0.     0.    ]
 [0.     1.0248 0.     0.     0.    ]
 [0.     0.     0.6323 0.     0.    ]
 [0.     0.     0.     0.     0.    ]
 [0.     0.     0.     0.     0.    ]
 [0.     0.     0.     0.     0.    ]
 [0.     0.     0.     0.5287 0.    ]]
Conformations 3 and 11, from respective molecules.
[[1.7332 0.     0.     0.     0.    ]
 [0.     0.7807 0.     0.     0.    ]
 [0.     0.     0.7592 0.     0.    ]
 [0.     0.     0.     0.     0.    ]
 [0.     0.     0.     0.     0.    ]
 [0.     0.     0.     0.     0.    ]
 [0.     0.     0.     0.6073 0.    ]]
Conformations 4 and 0, from respective molecules.
[[0.     0.     0.     0.     0.    ]
 [0.     0.8451 0.     0.     0.    ]
 [0.     0.     1.3559 0.     0.    ]
 [0.     0.     0.     0.     0.    ]
 [0.     0.     0.     0.     0.    ]
 [0.     0.     0.     0.     0.    ]
 [0.     0.     0.     1.3593 0.    ]]
Conformations 4 and 1, from respective molecules.
[[0.     0.     0.     0.     0.    ]
 [0.     0.9086 0.     0.     0.    ]
 [0.     0.     1.5191 0.     0.    ]
 [0.     0.     0.     0.     0.    ]
 [0.     0.     0.     0.     0.    ]
 [0.     0.     0.     0.     0.    ]
 [0.     0.     0.     1.9346 0.    ]]
Conformations 4 and 2, from respective molecules.
[[0. 0. 0. 0. 0.]
 [0. 0. 0. 0. 0.]
 [0. 0. 0. 0. 0.]
 [0. 0. 0. 0. 0.]
 [0. 0. 0. 0. 0.]
 [0. 0. 0. 0. 0.]
 [0. 0. 0. 0. 0.]]
Conformations 4 and 3, from respective molecules.
[[0. 0. 0. 0. 0.]
 [0. 0. 0. 0. 0.]
 [0. 0. 0. 0. 0.]
 [0. 0. 0. 0. 0.]
 [0. 0. 0. 0. 0.]
 [0. 0. 0. 0. 0.]
 [0. 0. 0. 0. 0.]]
Conformations 4 and 4, from respective molecules.
[[0. 0. 0. 0. 0.]
 [0. 0. 0. 0. 0.]
 [0. 0. 0. 0. 0.]
 [0. 0. 0. 0. 0.]
 [0. 0. 0. 0. 0.]
 [0. 0. 0. 0. 0.]
 [0. 0. 0. 0. 0.]]
Conformations 4 and 5, from respective molecules.
[[0.     0.     0.     0.     0.    ]
 [0.     0.8622 0.     0.     0.    ]
 [0.     0.     1.1821 0.     0.    ]
 [0.     0.     0.     0.     0.    ]
 [0.     0.     0.     0.     0.    ]
 [0.     0.     0.     0.     0.    ]
 [0.     0.     0.     0.9885 0.    ]]
Conformations 4 and 6, from respective molecules.
[[0.     0.     0.     0.     0.    ]
 [0.     1.0387 0.     0.     0.    ]
 [0.     0.     0.5593 0.     0.    ]
 [0.     0.     0.     0.     0.    ]
 [0.     0.     0.     0.     0.    ]
 [0.     0.     0.     0.     0.    ]
 [0.     0.     0.     0.643  0.    ]]
Conformations 4 and 7, from respective molecules.
[[0. 0. 0. 0. 0.]
 [0. 0. 0. 0. 0.]
 [0. 0. 0. 0. 0.]
 [0. 0. 0. 0. 0.]
 [0. 0. 0. 0. 0.]
 [0. 0. 0. 0. 0.]
 [0. 0. 0. 0. 0.]]
Conformations 4 and 8, from respective molecules.
[[0.     0.     0.     0.     0.    ]
 [0.     0.8363 0.     0.     0.    ]
 [0.     0.     1.1532 0.     0.    ]
 [0.     0.     0.     0.     0.    ]
 [0.     0.     0.     0.     0.    ]
 [0.     0.     0.     0.     0.    ]
 [0.     0.     0.     1.0291 0.    ]]
Conformations 4 and 9, from respective molecules.
[[0.     0.     0.     0.     0.    ]
 [0.     0.8563 0.     0.     0.    ]
 [0.     0.     1.343  0.     0.    ]
 [0.     0.     0.     0.     0.    ]
 [0.     0.     0.     0.     0.    ]
 [0.     0.     0.     0.     0.    ]
 [0.     0.     0.     1.3886 0.    ]]
Conformations 4 and 10, from respective molecules.
[[0.     0.     0.     0.     0.    ]
 [0.     1.8199 0.     0.     0.    ]
 [0.     0.     1.665  0.     0.    ]
 [0.     0.     0.     0.     0.    ]
 [0.     0.     0.     0.     0.    ]
 [0.     0.     0.     0.     0.    ]
 [0.     0.     0.     0.8323 0.    ]]
Conformations 4 and 11, from respective molecules.
[[0.     0.     0.     0.     0.    ]
 [0.     0.7614 0.     0.     0.    ]
 [0.     0.     1.8321 0.     0.    ]
 [0.     0.     0.     0.     0.    ]
 [0.     0.     0.     0.     0.    ]
 [0.     0.     0.     0.     0.    ]
 [0.     0.     0.     1.3022 0.    ]]
Conformations 5 and 0, from respective molecules.
[[0.     0.     0.     0.     0.    ]
 [0.     1.7027 0.     0.     0.    ]
 [0.     0.     1.1423 0.     0.    ]
 [0.     0.     0.     0.     0.    ]
 [0.     0.     0.     0.     0.    ]
 [0.     0.     0.     0.     0.    ]
 [0.     0.     0.     1.3518 0.    ]]
Conformations 5 and 1, from respective molecules.
[[0.     0.     0.     0.     0.    ]
 [0.     0.724  0.     0.     0.    ]
 [0.     0.     1.1953 0.     0.    ]
 [0.     0.     0.     0.     0.    ]
 [0.     0.     0.     0.     0.    ]
 [0.     0.     0.     0.     0.    ]
 [0.     0.     0.     1.4915 0.    ]]
Conformations 5 and 2, from respective molecules.
[[0. 0. 0. 0. 0.]
 [0. 0. 0. 0. 0.]
 [0. 0. 0. 0. 0.]
 [0. 0. 0. 0. 0.]
 [0. 0. 0. 0. 0.]
 [0. 0. 0. 0. 0.]
 [0. 0. 0. 0. 0.]]
Conformations 5 and 3, from respective molecules.
[[0. 0. 0. 0. 0.]
 [0. 0. 0. 0. 0.]
 [0. 0. 0. 0. 0.]
 [0. 0. 0. 0. 0.]
 [0. 0. 0. 0. 0.]
 [0. 0. 0. 0. 0.]
 [0. 0. 0. 0. 0.]]
Conformations 5 and 4, from respective molecules.
[[0. 0. 0. 0. 0.]
 [0. 0. 0. 0. 0.]
 [0. 0. 0. 0. 0.]
 [0. 0. 0. 0. 0.]
 [0. 0. 0. 0. 0.]
 [0. 0. 0. 0. 0.]
 [0. 0. 0. 0. 0.]]
Conformations 5 and 5, from respective molecules.
[[0.     0.     0.     0.     0.    ]
 [0.     1.6957 0.     0.     0.    ]
 [0.     0.     1.1875 0.     0.    ]
 [0.     0.     0.     0.     0.    ]
 [0.     0.     0.     0.     0.    ]
 [0.     0.     0.     0.     0.    ]
 [0.     0.     0.     1.3217 0.    ]]
Conformations 5 and 6, from respective molecules.
[[0.     0.     0.     0.     0.    ]
 [0.     0.8033 0.     0.     0.    ]
 [0.     0.     0.8181 0.     0.    ]
 [0.     0.     0.     0.     0.    ]
 [0.     0.     0.     0.     0.    ]
 [0.     0.     0.     0.     0.    ]
 [0.     0.     0.     0.3938 0.    ]]
Conformations 5 and 7, from respective molecules.
[[0. 0. 0. 0. 0.]
 [0. 0. 0. 0. 0.]
 [0. 0. 0. 0. 0.]
 [0. 0. 0. 0. 0.]
 [0. 0. 0. 0. 0.]
 [0. 0. 0. 0. 0.]
 [0. 0. 0. 0. 0.]]
Conformations 5 and 8, from respective molecules.
[[0.     0.     0.     0.     0.    ]
 [0.     1.5586 0.     0.     0.    ]
 [0.     0.     0.8375 0.     0.    ]
 [0.     0.     0.     0.     0.    ]
 [0.     0.     0.     0.     0.    ]
 [0.     0.     0.     0.     0.    ]
 [0.     0.     0.     1.0489 0.    ]]
Conformations 5 and 9, from respective molecules.
[[0.     0.     0.     0.     0.    ]
 [0.     0.5907 0.     0.     0.    ]
 [0.     0.     1.0606 0.     0.    ]
 [0.     0.     0.     0.     0.    ]
 [0.     0.     0.     0.     0.    ]
 [0.     0.     0.     0.     0.    ]
 [0.     0.     0.     0.8505 0.    ]]
Conformations 5 and 10, from respective molecules.
[[0.     0.     0.     0.     0.    ]
 [0.     0.6606 0.     0.     0.    ]
 [0.     0.     0.7468 0.     0.    ]
 [0.     0.     0.     0.     0.    ]
 [0.     0.     0.     0.     0.    ]
 [0.     0.     0.     0.     0.    ]
 [0.     0.     0.     0.5081 0.    ]]
Conformations 5 and 11, from respective molecules.
[[0.     0.     0.     0.     0.    ]
 [0.     1.7946 0.     0.     0.    ]
 [0.     0.     1.1549 0.     0.    ]
 [0.     0.     0.     0.     0.    ]
 [0.     0.     0.     0.     0.    ]
 [0.     0.     0.     0.     0.    ]
 [0.     0.     0.     1.428  0.    ]]
Conformations 6 and 0, from respective molecules.
[[0.     0.     0.     0.     0.    ]
 [0.     0.9534 0.     0.     0.    ]
 [0.     0.     0.4975 0.     0.    ]
 [0.     0.     0.     0.     0.    ]
 [0.     0.     0.     0.     0.    ]
 [0.     0.     0.     0.     0.    ]
 [0.     0.     0.     0.5639 0.    ]]
Conformations 6 and 1, from respective molecules.
[[0.     0.     0.     0.     0.    ]
 [0.     0.7375 0.     0.     0.    ]
 [0.     0.     0.8704 0.     0.    ]
 [0.     0.     0.     0.     0.    ]
 [0.     0.     0.     0.     0.    ]
 [0.     0.     0.     0.     0.    ]
 [0.     0.     0.     0.4377 0.    ]]
Conformations 6 and 2, from respective molecules.
[[0.     0.     0.     0.     0.    ]
 [0.     1.8213 0.     0.     0.    ]
 [0.     0.     0.     0.     0.    ]
 [0.     0.     0.     0.     0.    ]
 [0.     0.     0.     0.     0.    ]
 [0.3128 0.     0.     0.     0.    ]
 [0.     0.     0.     1.3444 0.    ]]
Conformations 6 and 3, from respective molecules.
[[0.     0.     0.     0.     0.    ]
 [0.     0.8488 0.     0.     0.    ]
 [0.     0.     0.308  0.     0.    ]
 [0.     0.     0.     0.     0.    ]
 [0.     0.     0.     0.     0.    ]
 [0.     0.     0.     0.     0.    ]
 [0.     0.     0.     0.6432 0.    ]]
Conformations 6 and 4, from respective molecules.
[[0. 0. 0. 0. 0.]
 [0. 0. 0. 0. 0.]
 [0. 0. 0. 0. 0.]
 [0. 0. 0. 0. 0.]
 [0. 0. 0. 0. 0.]
 [0. 0. 0. 0. 0.]
 [0. 0. 0. 0. 0.]]
Conformations 6 and 5, from respective molecules.
[[0.     0.     0.     0.     0.    ]
 [0.     1.0428 0.     0.     0.    ]
 [0.     0.     0.5948 0.     0.    ]
 [0.     0.     0.     0.     0.    ]
 [0.     0.     0.     0.     0.    ]
 [0.     0.     0.     0.     0.    ]
 [0.     0.     0.     0.6214 0.    ]]
Conformations 6 and 6, from respective molecules.
[[0.     0.     0.     0.     0.    ]
 [0.     1.1    0.     0.     0.    ]
 [0.     0.     1.3578 0.     0.    ]
 [0.     0.     0.     0.     0.    ]
 [0.     0.     0.     0.     0.    ]
 [0.     0.     0.     0.     0.    ]
 [0.     0.     0.     1.2737 0.    ]]
Conformations 6 and 7, from respective molecules.
[[0.     0.     0.     0.     0.    ]
 [0.     1.6814 0.     0.     0.    ]
 [0.     0.     0.     0.     0.    ]
 [0.     0.     0.     0.     0.    ]
 [0.     0.     0.     0.     0.    ]
 [0.5349 0.     0.     0.     0.    ]
 [0.     0.     0.     1.3591 0.    ]]
Conformations 6 and 8, from respective molecules.
[[0.     0.     0.     0.     0.    ]
 [0.     0.9863 0.     0.     0.    ]
 [0.     0.     0.247  0.     0.    ]
 [0.     0.     0.     0.     0.    ]
 [0.     0.     0.     0.     0.    ]
 [0.     0.     0.     0.     0.    ]
 [0.     0.     0.     0.8175 0.    ]]
Conformations 6 and 9, from respective molecules.
[[0.     0.     0.     0.     0.    ]
 [0.     0.7233 0.     0.     0.    ]
 [0.     0.     0.7061 0.     0.    ]
 [0.     0.     0.     0.     0.    ]
 [0.     0.     0.     0.     0.    ]
 [0.     0.     0.     0.     0.    ]
 [0.     0.     0.     0.4772 0.    ]]
Conformations 6 and 10, from respective molecules.
[[0.     0.     0.     0.     0.    ]
 [0.     0.9921 0.     0.     0.    ]
 [0.     0.     0.4151 0.     0.    ]
 [0.     0.     0.     0.     0.    ]
 [0.     0.     0.     0.     0.    ]
 [0.     0.     0.     0.     0.    ]
 [0.     0.     0.     0.6903 0.    ]]
Conformations 6 and 11, from respective molecules.
[[0.     0.     0.     0.     0.    ]
 [0.     0.9739 0.     0.     0.    ]
 [0.     0.     0.4683 0.     0.    ]
 [0.     0.     0.     0.     0.    ]
 [0.     0.     0.     0.     0.    ]
 [0.     0.     0.     0.     0.    ]
 [0.     0.     0.     0.4436 0.    ]]
Conformations 7 and 0, from respective molecules.
[[0.     0.     0.     0.     0.    ]
 [0.     1.4308 0.     0.     0.    ]
 [0.     0.     1.2491 0.     0.    ]
 [0.     0.     0.     0.     0.    ]
 [0.     0.     0.     0.     0.    ]
 [0.     0.     0.     0.     0.    ]
 [0.     0.     0.     0.5813 0.    ]]
Conformations 7 and 1, from respective molecules.
[[0.     0.     0.     0.     0.    ]
 [0.     0.7747 0.     0.     0.    ]
 [0.     0.     0.4917 0.     0.    ]
 [0.     0.     0.     0.     0.    ]
 [0.     0.     0.     0.     0.    ]
 [0.     0.     0.     0.     0.    ]
 [0.     0.     0.     1.3983 0.    ]]
Conformations 7 and 2, from respective molecules.
[[0. 0. 0. 0. 0.]
 [0. 0. 0. 0. 0.]
 [0. 0. 0. 0. 0.]
 [0. 0. 0. 0. 0.]
 [0. 0. 0. 0. 0.]
 [0. 0. 0. 0. 0.]
 [0. 0. 0. 0. 0.]]
Conformations 7 and 3, from respective molecules.
[[0. 0. 0. 0. 0.]
 [0. 0. 0. 0. 0.]
 [0. 0. 0. 0. 0.]
 [0. 0. 0. 0. 0.]
 [0. 0. 0. 0. 0.]
 [0. 0. 0. 0. 0.]
 [0. 0. 0. 0. 0.]]
Conformations 7 and 4, from respective molecules.
[[0. 0. 0. 0. 0.]
 [0. 0. 0. 0. 0.]
 [0. 0. 0. 0. 0.]
 [0. 0. 0. 0. 0.]
 [0. 0. 0. 0. 0.]
 [0. 0. 0. 0. 0.]
 [0. 0. 0. 0. 0.]]
Conformations 7 and 5, from respective molecules.
[[0.     0.     0.     0.     0.    ]
 [0.     1.0181 0.     0.     0.    ]
 [0.     0.     1.5605 0.     0.    ]
 [0.     0.     0.     0.     0.    ]
 [0.     0.     0.     0.     0.    ]
 [0.     0.     0.     0.     0.    ]
 [0.     0.     0.     0.9062 0.    ]]
Conformations 7 and 6, from respective molecules.
[[0. 0. 0. 0. 0.]
 [0. 0. 0. 0. 0.]
 [0. 0. 0. 0. 0.]
 [0. 0. 0. 0. 0.]
 [0. 0. 0. 0. 0.]
 [0. 0. 0. 0. 0.]
 [0. 0. 0. 0. 0.]]
Conformations 7 and 7, from respective molecules.
[[0.     0.     0.     0.     0.    ]
 [0.     1.6435 0.     0.     0.    ]
 [0.     0.     0.     0.     0.    ]
 [0.     0.     0.     0.     0.    ]
 [0.     0.     0.     0.     0.    ]
 [0.5965 0.     0.     0.     0.    ]
 [0.     0.     0.     1.7083 0.    ]]
Conformations 7 and 8, from respective molecules.
[[0.     0.     0.     0.     0.    ]
 [0.     0.9172 0.     0.     0.    ]
 [0.     0.     0.2195 0.     0.    ]
 [0.     0.     0.     0.     0.    ]
 [0.     0.     0.     0.     0.    ]
 [0.     0.     0.     0.     0.    ]
 [0.     0.     0.     0.5848 0.    ]]
Conformations 7 and 9, from respective molecules.
[[0.     0.     0.     0.     0.    ]
 [0.     0.8088 0.     0.     0.    ]
 [0.     0.     0.2871 0.     0.    ]
 [0.     0.     0.     0.     0.    ]
 [0.     0.     0.     0.     0.    ]
 [0.     0.     0.     0.     0.    ]
 [0.     0.     0.     0.9963 0.    ]]
Conformations 7 and 10, from respective molecules.
[[0.     0.     0.     0.     0.    ]
 [0.     0.9367 0.     0.     0.    ]
 [0.     0.     0.3826 0.     0.    ]
 [0.     0.     0.     0.     0.    ]
 [0.     0.     0.     0.     0.    ]
 [0.     0.     0.     0.     0.    ]
 [0.     0.     0.     0.7007 0.    ]]
Conformations 7 and 11, from respective molecules.
[[0. 0. 0. 0. 0.]
 [0. 0. 0. 0. 0.]
 [0. 0. 0. 0. 0.]
 [0. 0. 0. 0. 0.]
 [0. 0. 0. 0. 0.]
 [0. 0. 0. 0. 0.]
 [0. 0. 0. 0. 0.]]
Conformations 8 and 0, from respective molecules.
[[0.     0.     0.     0.     0.    ]
 [0.     0.     0.     0.     0.    ]
 [0.     0.     0.3621 0.     0.    ]
 [0.     0.     0.     0.     0.    ]
 [1.2143 0.     0.     0.     0.    ]
 [0.     0.     0.     0.     0.    ]
 [0.     0.     0.     0.7895 0.    ]]
Conformations 8 and 1, from respective molecules.
[[0.     0.     0.     0.     0.    ]
 [0.     0.     0.     0.     0.    ]
 [0.     0.     0.7584 0.     0.    ]
 [0.     0.     0.     0.     0.    ]
 [1.6236 0.     0.     0.     0.    ]
 [0.     0.     0.     0.     0.    ]
 [0.     0.     0.     0.516  0.    ]]
Conformations 8 and 2, from respective molecules.
[[0.7329 0.     0.     0.     0.    ]
 [0.     0.7478 0.     0.     0.    ]
 [0.     0.     1.0724 0.     0.    ]
 [0.     0.     0.     0.     0.    ]
 [0.     0.     0.     0.     0.    ]
 [0.     0.     0.     0.     0.    ]
 [0.     0.     0.     0.975  0.    ]]
Conformations 8 and 3, from respective molecules.
[[0. 0. 0. 0. 0.]
 [0. 0. 0. 0. 0.]
 [0. 0. 0. 0. 0.]
 [0. 0. 0. 0. 0.]
 [0. 0. 0. 0. 0.]
 [0. 0. 0. 0. 0.]
 [0. 0. 0. 0. 0.]]
Conformations 8 and 4, from respective molecules.
[[0.8145 0.     0.     0.     0.    ]
 [0.     0.5391 0.     0.     0.    ]
 [0.     0.     1.1796 0.     0.    ]
 [0.     0.     0.     0.     0.    ]
 [0.     0.     0.     0.     0.    ]
 [0.     0.     0.     0.     0.    ]
 [0.     0.     0.     1.2346 0.    ]]
Conformations 8 and 5, from respective molecules.
[[0.     0.     0.     0.     0.    ]
 [0.     0.     0.     0.     0.    ]
 [0.     0.     0.2201 0.     0.    ]
 [0.     0.     0.     0.     0.    ]
 [0.6852 0.     0.     0.     0.    ]
 [0.     0.     0.     0.     0.    ]
 [0.     0.     0.     1.0097 0.    ]]
Conformations 8 and 6, from respective molecules.
[[0.     0.     0.     0.     0.    ]
 [0.     1.631  0.     0.     0.    ]
 [0.     0.     1.1957 0.     0.    ]
 [0.     0.     0.     0.     0.    ]
 [0.9971 0.     0.     0.     0.    ]
 [0.     0.     0.     0.     0.    ]
 [0.     0.     0.     1.614  0.    ]]
Conformations 8 and 7, from respective molecules.
[[0.7562 0.     0.     0.     0.    ]
 [0.     1.0274 0.     0.     0.    ]
 [0.     0.     1.0922 0.     0.    ]
 [0.     0.     0.     0.     0.    ]
 [0.     0.     0.     0.     0.    ]
 [0.     0.     0.     0.     0.    ]
 [0.     0.     0.     1.0038 0.    ]]
Conformations 8 and 8, from respective molecules.
[[0. 0. 0. 0. 0.]
 [0. 0. 0. 0. 0.]
 [0. 0. 0. 0. 0.]
 [0. 0. 0. 0. 0.]
 [0. 0. 0. 0. 0.]
 [0. 0. 0. 0. 0.]
 [0. 0. 0. 0. 0.]]
Conformations 8 and 9, from respective molecules.
[[0. 0. 0. 0. 0.]
 [0. 0. 0. 0. 0.]
 [0. 0. 0. 0. 0.]
 [0. 0. 0. 0. 0.]
 [0. 0. 0. 0. 0.]
 [0. 0. 0. 0. 0.]
 [0. 0. 0. 0. 0.]]
Conformations 8 and 10, from respective molecules.
[[1.4132 0.     0.     0.     0.    ]
 [0.     0.     0.     0.     0.    ]
 [0.     0.     1.5336 0.     0.    ]
 [0.     0.     0.     0.     0.    ]
 [0.     0.     0.     0.     0.    ]
 [0.     1.626  0.     0.     0.    ]
 [0.     0.     0.     0.     0.    ]]
Conformations 8 and 11, from respective molecules.
[[0.     0.     0.     0.     0.    ]
 [0.     0.     0.     0.     0.    ]
 [0.     0.     0.5022 0.     0.    ]
 [0.     0.     0.     0.     0.    ]
 [1.6146 0.     0.     0.     0.    ]
 [0.     0.     0.     0.     0.    ]
 [0.     0.     0.     0.6729 0.    ]]
Conformations 9 and 0, from respective molecules.
[[0.     0.     0.     0.     0.    ]
 [0.     0.8995 0.     0.     0.    ]
 [0.     0.     0.8716 0.     0.    ]
 [0.     0.     0.     0.     0.    ]
 [0.     0.     0.     0.     0.    ]
 [0.     0.     0.     0.     0.    ]
 [0.     0.     0.     0.9141 0.    ]]
Conformations 9 and 1, from respective molecules.
[[0.     0.     0.     0.     0.    ]
 [0.     0.8209 0.     0.     0.    ]
 [0.     0.     0.962  0.     0.    ]
 [0.     0.     0.     0.     0.    ]
 [0.     0.     0.     0.     0.    ]
 [0.     0.     0.     0.     0.    ]
 [0.     0.     0.     1.2017 0.    ]]
Conformations 9 and 2, from respective molecules.
[[0. 0. 0. 0. 0.]
 [0. 0. 0. 0. 0.]
 [0. 0. 0. 0. 0.]
 [0. 0. 0. 0. 0.]
 [0. 0. 0. 0. 0.]
 [0. 0. 0. 0. 0.]
 [0. 0. 0. 0. 0.]]
Conformations 9 and 3, from respective molecules.
[[0.     0.     0.     0.     0.    ]
 [0.     0.8235 0.     0.     0.    ]
 [0.     0.     1.0774 0.     0.    ]
 [0.     0.     0.     0.     0.    ]
 [0.     0.     0.     0.     0.    ]
 [0.     0.     0.     0.     0.    ]
 [0.     0.     0.     1.0009 0.    ]]
Conformations 9 and 4, from respective molecules.
[[0. 0. 0. 0. 0.]
 [0. 0. 0. 0. 0.]
 [0. 0. 0. 0. 0.]
 [0. 0. 0. 0. 0.]
 [0. 0. 0. 0. 0.]
 [0. 0. 0. 0. 0.]
 [0. 0. 0. 0. 0.]]
Conformations 9 and 5, from respective molecules.
[[0.     0.     0.     0.     0.    ]
 [0.     0.9422 0.     0.     0.    ]
 [0.     0.     0.7818 0.     0.    ]
 [0.     0.     0.     0.     0.    ]
 [0.     0.     0.     0.     0.    ]
 [0.     0.     0.     0.     0.    ]
 [0.     0.     0.     0.5387 0.    ]]
Conformations 9 and 6, from respective molecules.
[[0.     0.     0.     0.     0.    ]
 [0.     0.9013 0.     0.     0.    ]
 [0.     0.     0.95   0.     0.    ]
 [0.     0.     0.     0.     0.    ]
 [0.     0.     0.     0.     0.    ]
 [0.     0.     0.     0.     0.    ]
 [0.     0.     0.     1.047  0.    ]]
Conformations 9 and 7, from respective molecules.
[[0. 0. 0. 0. 0.]
 [0. 0. 0. 0. 0.]
 [0. 0. 0. 0. 0.]
 [0. 0. 0. 0. 0.]
 [0. 0. 0. 0. 0.]
 [0. 0. 0. 0. 0.]
 [0. 0. 0. 0. 0.]]
Conformations 9 and 8, from respective molecules.
[[0.     0.     0.     0.     0.    ]
 [0.     1.4056 0.     0.     0.    ]
 [0.     0.     0.6888 0.     0.    ]
 [0.     0.     0.     0.     0.    ]
 [0.     0.     0.     0.     0.    ]
 [0.     0.     0.     0.     0.    ]
 [0.     0.     0.     1.2921 0.    ]]
Conformations 9 and 9, from respective molecules.
[[0.     0.     0.     0.     0.    ]
 [0.     0.8042 0.     0.     0.    ]
 [0.     0.     0.7922 0.     0.    ]
 [0.     0.     0.     0.     0.    ]
 [0.     0.     0.     0.     0.    ]
 [0.     0.     0.     0.     0.    ]
 [0.     0.     0.     0.7034 0.    ]]
Conformations 9 and 10, from respective molecules.
[[0.     0.     0.     0.     0.    ]
 [0.     0.8517 0.     0.     0.    ]
 [0.     0.     0.5987 0.     0.    ]
 [0.     0.     0.     0.     0.    ]
 [0.     0.     0.     0.     0.    ]
 [0.     0.     0.     0.     0.    ]
 [0.     0.     0.     0.348  0.    ]]
Conformations 9 and 11, from respective molecules.
[[0.     0.     0.     0.     0.    ]
 [0.     0.9174 0.     0.     0.    ]
 [0.     0.     0.8902 0.     0.    ]
 [0.     0.     0.     0.     0.    ]
 [0.     0.     0.     0.     0.    ]
 [0.     0.     0.     0.     0.    ]
 [0.     0.     0.     0.8711 0.    ]]
Conformations 10 and 0, from respective molecules.
[[0.     0.     0.     0.     0.    ]
 [0.     1.6083 0.     0.     0.    ]
 [0.     0.     1.9647 0.     0.    ]
 [0.     0.     0.     0.     0.    ]
 [0.     0.     0.     0.     0.    ]
 [0.     0.     0.     0.     0.    ]
 [0.     0.     0.     1.9456 0.    ]]
Conformations 10 and 1, from respective molecules.
[[0. 0. 0. 0. 0.]
 [0. 0. 0. 0. 0.]
 [0. 0. 0. 0. 0.]
 [0. 0. 0. 0. 0.]
 [0. 0. 0. 0. 0.]
 [0. 0. 0. 0. 0.]
 [0. 0. 0. 0. 0.]]
Conformations 10 and 2, from respective molecules.
[[0. 0. 0. 0. 0.]
 [0. 0. 0. 0. 0.]
 [0. 0. 0. 0. 0.]
 [0. 0. 0. 0. 0.]
 [0. 0. 0. 0. 0.]
 [0. 0. 0. 0. 0.]
 [0. 0. 0. 0. 0.]]
Conformations 10 and 3, from respective molecules.
[[0. 0. 0. 0. 0.]
 [0. 0. 0. 0. 0.]
 [0. 0. 0. 0. 0.]
 [0. 0. 0. 0. 0.]
 [0. 0. 0. 0. 0.]
 [0. 0. 0. 0. 0.]
 [0. 0. 0. 0. 0.]]
Conformations 10 and 4, from respective molecules.
[[0. 0. 0. 0. 0.]
 [0. 0. 0. 0. 0.]
 [0. 0. 0. 0. 0.]
 [0. 0. 0. 0. 0.]
 [0. 0. 0. 0. 0.]
 [0. 0. 0. 0. 0.]
 [0. 0. 0. 0. 0.]]
Conformations 10 and 5, from respective molecules.
[[0.     0.     0.     0.     0.    ]
 [0.     0.9595 0.     0.     0.    ]
 [0.     0.     1.5781 0.     0.    ]
 [0.     0.     0.     0.     0.    ]
 [0.     0.     0.     0.     0.    ]
 [0.     0.     0.     0.     0.    ]
 [0.     0.     0.     1.4461 0.    ]]
Conformations 10 and 6, from respective molecules.
[[0.     0.     0.     0.     0.    ]
 [0.     0.9715 0.     0.     0.    ]
 [0.     0.     1.1553 0.     0.    ]
 [0.     0.     0.     0.     0.    ]
 [0.     0.     0.     0.     0.    ]
 [0.     0.     0.     0.     0.    ]
 [0.     0.     0.     0.862  0.    ]]
Conformations 10 and 7, from respective molecules.
[[0. 0. 0. 0. 0.]
 [0. 0. 0. 0. 0.]
 [0. 0. 0. 0. 0.]
 [0. 0. 0. 0. 0.]
 [0. 0. 0. 0. 0.]
 [0. 0. 0. 0. 0.]
 [0. 0. 0. 0. 0.]]
Conformations 10 and 8, from respective molecules.
[[0.     0.     0.     0.     0.    ]
 [0.     0.8954 0.     0.     0.    ]
 [0.     0.     1.373  0.     0.    ]
 [0.     0.     0.     0.     0.    ]
 [0.     0.     0.     0.     0.    ]
 [0.     0.     0.     0.     0.    ]
 [0.     0.     0.     1.6011 0.    ]]
Conformations 10 and 9, from respective molecules.
[[0.     0.     0.     0.     0.    ]
 [0.     0.8192 0.     0.     0.    ]
 [0.     0.     1.515  0.     0.    ]
 [0.     0.     0.     0.     0.    ]
 [0.     0.     0.     0.     0.    ]
 [0.     0.     0.     0.     0.    ]
 [0.     0.     0.     1.7976 0.    ]]
Conformations 10 and 10, from respective molecules.
[[0.     0.     0.     0.     0.    ]
 [0.     0.8721 0.     0.     0.    ]
 [0.     0.     1.3977 0.     0.    ]
 [0.     0.     0.     0.     0.    ]
 [0.     0.     0.     0.     0.    ]
 [0.     0.     0.     0.     0.    ]
 [0.     0.     0.     1.4031 0.    ]]
Conformations 10 and 11, from respective molecules.
[[0.     0.     0.     0.     0.    ]
 [0.     0.9364 0.     0.     0.    ]
 [0.     0.     1.7911 0.     0.    ]
 [0.     0.     0.     0.     0.    ]
 [0.     0.     0.     0.     0.    ]
 [0.     0.     0.     0.     0.    ]
 [0.     0.     0.     1.8913 0.    ]]
Conformations 11 and 0, from respective molecules.
[[1.4362 0.     0.     0.     0.    ]
 [0.     1.1407 0.     0.     0.    ]
 [0.     0.     0.856  0.     0.    ]
 [0.     0.     0.     0.     0.    ]
 [0.     0.     0.     0.     0.    ]
 [0.     0.     0.     0.     0.    ]
 [0.     0.     0.     0.9902 0.    ]]
Conformations 11 and 1, from respective molecules.
[[1.4656 0.     0.     0.     0.    ]
 [0.     1.265  0.     0.     0.    ]
 [0.     0.     0.557  0.     0.    ]
 [0.     0.     0.     0.     0.    ]
 [0.     0.     0.     0.     0.    ]
 [0.     0.     0.     0.     0.    ]
 [0.     0.     0.     0.7399 0.    ]]
Conformations 11 and 2, from respective molecules.
[[0. 0. 0. 0. 0.]
 [0. 0. 0. 0. 0.]
 [0. 0. 0. 0. 0.]
 [0. 0. 0. 0. 0.]
 [0. 0. 0. 0. 0.]
 [0. 0. 0. 0. 0.]
 [0. 0. 0. 0. 0.]]
Conformations 11 and 3, from respective molecules.
[[1.372  0.     0.     0.     0.    ]
 [0.     1.2457 0.     0.     0.    ]
 [0.     0.     0.5702 0.     0.    ]
 [0.     0.     0.     0.     0.    ]
 [0.     0.     0.     0.     0.    ]
 [0.     0.     0.     0.     0.    ]
 [0.     0.     0.     0.7652 0.    ]]
Conformations 11 and 4, from respective molecules.
[[0.85   0.     0.     0.     0.    ]
 [0.     0.     0.     0.     0.    ]
 [0.     0.     1.7383 0.     0.    ]
 [0.     0.     0.     0.     0.    ]
 [0.     1.8652 0.     0.     0.    ]
 [0.     0.     0.     0.     0.    ]
 [0.     0.     0.     0.     0.    ]]
Conformations 11 and 5, from respective molecules.
[[1.3414 0.     0.     0.     0.    ]
 [0.     1.1727 0.     0.     0.    ]
 [0.     0.     0.9419 0.     0.    ]
 [0.     0.     0.     0.     0.    ]
 [0.     0.     0.     0.     0.    ]
 [0.     0.     0.     0.     0.    ]
 [0.     0.     0.     1.1805 0.    ]]
Conformations 11 and 6, from respective molecules.
[[1.2276 0.     0.     0.     0.    ]
 [0.     1.5135 0.     0.     0.    ]
 [0.     0.     1.3719 0.     0.    ]
 [0.     0.     0.     0.     0.    ]
 [0.     0.     0.     0.     0.    ]
 [0.     0.     0.     0.     0.    ]
 [0.     0.     0.     0.     0.    ]]
Conformations 11 and 7, from respective molecules.
[[0.     0.     0.     0.     0.    ]
 [0.     1.1049 0.     0.     0.    ]
 [0.     0.     1.6296 0.     0.    ]
 [0.     0.     0.     0.     0.    ]
 [0.     0.     0.     0.     0.    ]
 [0.     0.     0.     0.     0.    ]
 [0.     0.     0.     1.9899 0.    ]]
Conformations 11 and 8, from respective molecules.
[[1.5165 0.     0.     0.     0.    ]
 [0.     1.0506 0.     0.     0.    ]
 [0.     0.     1.0362 0.     0.    ]
 [0.     0.     0.     0.     0.    ]
 [0.     0.     0.     0.     0.    ]
 [0.     0.     0.     0.     0.    ]
 [0.     0.     0.     1.4866 0.    ]]
Conformations 11 and 9, from respective molecules.
[[1.4465 0.     0.     0.     0.    ]
 [0.     1.122  0.     0.     0.    ]
 [0.     0.     0.9043 0.     0.    ]
 [0.     0.     0.     0.     0.    ]
 [0.     0.     0.     0.     0.    ]
 [0.     0.     0.     0.     0.    ]
 [0.     0.     0.     1.1181 0.    ]]
Conformations 11 and 10, from respective molecules.
[[1.4291 0.     0.     0.     0.    ]
 [0.     1.1609 0.     0.     0.    ]
 [0.     0.     0.7114 0.     0.    ]
 [0.     0.     0.     0.     0.    ]
 [0.     0.     0.     0.     0.    ]
 [0.     0.     0.     0.     0.    ]
 [0.     0.     0.     1.1073 0.    ]]
Conformations 11 and 11, from respective molecules.
[[1.3326 0.     0.     0.     0.    ]
 [0.     1.1887 0.     0.     0.    ]
 [0.     0.     0.7066 0.     0.    ]
 [0.     0.     0.     0.     0.    ]
 [0.     0.     0.     0.     0.    ]
 [0.     0.     0.     0.     0.    ]
 [0.     0.     0.     0.9034 0.    ]]
