Molecules 1 and 3
Conformations 0 and 0, from respective molecules.
[[0.3381 0.     0.     0.     0.    ]
 [0.     0.5322 0.     0.     0.    ]
 [0.     0.     0.6078 0.     0.    ]
 [0.     0.     0.     0.     0.    ]
 [0.     0.     0.     0.     0.    ]
 [0.     0.     0.     0.     0.    ]
 [0.     0.     0.     0.     0.6159]]
Conformations 0 and 1, from respective molecules.
[[0.2735 0.     0.     0.     0.    ]
 [0.     0.604  0.     0.     0.    ]
 [0.     0.     0.6379 0.     0.    ]
 [0.     0.     0.     0.     0.    ]
 [0.     0.     0.     0.     0.    ]
 [0.     0.     0.     0.     0.    ]
 [0.     0.     0.     0.     0.6626]]
Conformations 0 and 2, from respective molecules.
[[1.6793 0.     0.     0.     0.    ]
 [0.     1.9197 0.     0.     0.    ]
 [0.     0.     0.8771 0.     0.    ]
 [0.     0.     0.     0.     0.    ]
 [0.     0.     0.     0.     0.    ]
 [0.     0.     0.     0.     0.    ]
 [0.     0.     0.     0.     1.492 ]]
Conformations 0 and 3, from respective molecules.
[[0.2479 0.     0.     0.     0.    ]
 [0.     0.5481 0.     0.     0.    ]
 [0.     0.     0.6154 0.     0.    ]
 [0.     0.     0.     0.     0.    ]
 [0.     0.     0.     0.     0.    ]
 [0.     0.     0.     0.     0.    ]
 [0.     0.     0.     0.     0.6269]]
Conformations 0 and 4, from respective molecules.
[[0.2721 0.     0.     0.     0.    ]
 [0.     0.6042 0.     0.     0.    ]
 [0.     0.     0.637  0.     0.    ]
 [0.     0.     0.     0.     0.    ]
 [0.     0.     0.     0.     0.    ]
 [0.     0.     0.     0.     0.    ]
 [0.     0.     0.     0.     0.6612]]
Conformations 0 and 5, from respective molecules.
[[0.     0.     0.     0.     0.    ]
 [0.     0.5865 0.     0.     0.    ]
 [0.     0.     0.9169 0.     0.    ]
 [0.     0.     0.     0.     0.    ]
 [0.     0.     0.     0.     0.    ]
 [0.     0.     0.     0.     0.    ]
 [0.     0.     0.     0.     1.2861]]
Conformations 0 and 6, from respective molecules.
[[1.6842 0.     0.     0.     0.    ]
 [0.     1.9058 0.     0.     0.    ]
 [0.     0.     0.8775 0.     0.    ]
 [0.     0.     0.     0.     0.    ]
 [0.     0.     0.     0.     0.    ]
 [0.     0.     0.     0.     0.    ]
 [0.     0.     0.     0.     1.4899]]
Conformations 0 and 7, from respective molecules.
[[1.833  0.     0.     0.     0.    ]
 [0.     1.8618 0.     0.     0.    ]
 [0.     0.     0.9742 0.     0.    ]
 [0.     0.     0.     0.     0.    ]
 [0.     0.     0.     0.     0.    ]
 [0.     0.     0.     0.     0.    ]
 [0.     0.     0.     0.     1.5368]]
Conformations 0 and 8, from respective molecules.
[[1.8348 0.     0.     0.     0.    ]
 [0.     1.8634 0.     0.     0.    ]
 [0.     0.     0.9762 0.     0.    ]
 [0.     0.     0.     0.     0.    ]
 [0.     0.     0.     0.     0.    ]
 [0.     0.     0.     0.     0.    ]
 [0.     0.     0.     0.     1.5409]]
Conformations 0 and 9, from respective molecules.
[[0.7183 0.     0.     0.     0.    ]
 [0.     0.9629 0.     0.     0.    ]
 [0.     0.     0.9964 0.     0.    ]
 [0.     0.     0.     0.     0.    ]
 [0.     0.     0.     0.     0.    ]
 [0.     0.     0.     0.     0.    ]
 [0.     0.     0.     0.     1.224 ]]
Conformations 0 and 10, from respective molecules.
[[0.6725 0.     0.     0.     0.    ]
 [0.     0.7338 0.     0.     0.    ]
 [0.     0.     0.8383 0.     0.    ]
 [0.     0.     0.     0.     0.    ]
 [0.     0.     0.     0.     0.    ]
 [0.     0.     0.     0.     0.    ]
 [0.     0.     0.     0.     1.0985]]
Conformations 0 and 11, from respective molecules.
[[0.3353 0.     0.     0.     0.    ]
 [0.     0.5782 0.     0.     0.    ]
 [0.     0.     0.6874 0.     0.    ]
 [0.     0.     0.     0.     0.    ]
 [0.     0.     0.     0.     0.    ]
 [0.     0.     0.     0.     0.    ]
 [0.     0.     0.     0.     0.7455]]
Conformations 1 and 0, from respective molecules.
[[1.5891 0.     0.     0.     0.    ]
 [0.     1.3697 0.     0.     0.    ]
 [0.     0.     1.0362 0.     0.    ]
 [0.     0.     0.     0.     0.    ]
 [0.     0.     0.     0.     0.    ]
 [0.     0.     0.     0.     0.    ]
 [0.     0.     0.     0.     1.323 ]]
Conformations 1 and 1, from respective molecules.
[[1.7729 0.     0.     0.     0.    ]
 [0.     1.4888 0.     0.     0.    ]
 [0.     0.     0.     1.1436 0.    ]
 [0.     0.     0.     0.     0.    ]
 [0.     0.     0.     0.     0.    ]
 [0.     0.     0.     0.     0.    ]
 [0.     0.     0.     0.     1.2488]]
Conformations 1 and 2, from respective molecules.
[[0. 0. 0. 0. 0.]
 [0. 0. 0. 0. 0.]
 [0. 0. 0. 0. 0.]
 [0. 0. 0. 0. 0.]
 [0. 0. 0. 0. 0.]
 [0. 0. 0. 0. 0.]
 [0. 0. 0. 0. 0.]]
Conformations 1 and 3, from respective molecules.
[[0. 0. 0. 0. 0.]
 [0. 0. 0. 0. 0.]
 [0. 0. 0. 0. 0.]
 [0. 0. 0. 0. 0.]
 [0. 0. 0. 0. 0.]
 [0. 0. 0. 0. 0.]
 [0. 0. 0. 0. 0.]]
Conformations 1 and 4, from respective molecules.
[[1.7694 0.     0.     0.     0.    ]
 [0.     1.4876 0.     0.     0.    ]
 [0.     0.     0.     1.1451 0.    ]
 [0.     0.     0.     0.     0.    ]
 [0.     0.     0.     0.     0.    ]
 [0.     0.     0.     0.     0.    ]
 [0.     0.     0.     0.     1.2455]]
Conformations 1 and 5, from respective molecules.
[[1.7864 0.     0.     0.     0.    ]
 [0.     1.5026 0.     0.     0.    ]
 [0.     0.     0.     1.1447 0.    ]
 [0.     0.     0.     0.     0.    ]
 [0.     0.     0.     0.     0.    ]
 [0.     0.     0.     0.     0.    ]
 [0.     0.     0.     0.     1.2617]]
Conformations 1 and 6, from respective molecules.
[[0. 0. 0. 0. 0.]
 [0. 0. 0. 0. 0.]
 [0. 0. 0. 0. 0.]
 [0. 0. 0. 0. 0.]
 [0. 0. 0. 0. 0.]
 [0. 0. 0. 0. 0.]
 [0. 0. 0. 0. 0.]]
Conformations 1 and 7, from respective molecules.
[[0. 0. 0. 0. 0.]
 [0. 0. 0. 0. 0.]
 [0. 0. 0. 0. 0.]
 [0. 0. 0. 0. 0.]
 [0. 0. 0. 0. 0.]
 [0. 0. 0. 0. 0.]
 [0. 0. 0. 0. 0.]]
Conformations 1 and 8, from respective molecules.
[[0. 0. 0. 0. 0.]
 [0. 0. 0. 0. 0.]
 [0. 0. 0. 0. 0.]
 [0. 0. 0. 0. 0.]
 [0. 0. 0. 0. 0.]
 [0. 0. 0. 0. 0.]
 [0. 0. 0. 0. 0.]]
Conformations 1 and 9, from respective molecules.
[[0. 0. 0. 0. 0.]
 [0. 0. 0. 0. 0.]
 [0. 0. 0. 0. 0.]
 [0. 0. 0. 0. 0.]
 [0. 0. 0. 0. 0.]
 [0. 0. 0. 0. 0.]
 [0. 0. 0. 0. 0.]]
Conformations 1 and 10, from respective molecules.
[[0.     0.     0.     0.     0.    ]
 [0.     1.5592 0.     0.     0.    ]
 [0.     0.     0.     1.854  0.    ]
 [0.     0.     0.     0.     0.    ]
 [0.     0.     0.     0.     0.    ]
 [0.     0.     0.     0.     0.    ]
 [0.     0.     0.     0.     1.9812]]
Conformations 1 and 11, from respective molecules.
[[0.     0.     0.     0.     0.    ]
 [0.     1.2825 0.     0.     0.    ]
 [0.     0.     0.     1.801  0.    ]
 [0.     0.     0.     0.     0.    ]
 [0.     0.     0.     0.     0.    ]
 [0.     0.     0.     0.     0.    ]
 [0.     0.     0.     0.     1.7662]]
Conformations 2 and 0, from respective molecules.
[[0.     0.     0.     0.     0.    ]
 [0.     1.3343 0.     0.     0.    ]
 [0.     0.     0.9995 0.     0.    ]
 [1.6373 0.     0.     0.     0.    ]
 [0.     0.     0.     0.     0.    ]
 [0.     0.     0.     0.     0.    ]
 [0.     0.     0.     0.     1.3605]]
Conformations 2 and 1, from respective molecules.
[[0. 0. 0. 0. 0.]
 [0. 0. 0. 0. 0.]
 [0. 0. 0. 0. 0.]
 [0. 0. 0. 0. 0.]
 [0. 0. 0. 0. 0.]
 [0. 0. 0. 0. 0.]
 [0. 0. 0. 0. 0.]]
Conformations 2 and 2, from respective molecules.
[[0. 0. 0. 0. 0.]
 [0. 0. 0. 0. 0.]
 [0. 0. 0. 0. 0.]
 [0. 0. 0. 0. 0.]
 [0. 0. 0. 0. 0.]
 [0. 0. 0. 0. 0.]
 [0. 0. 0. 0. 0.]]
Conformations 2 and 3, from respective molecules.
[[0. 0. 0. 0. 0.]
 [0. 0. 0. 0. 0.]
 [0. 0. 0. 0. 0.]
 [0. 0. 0. 0. 0.]
 [0. 0. 0. 0. 0.]
 [0. 0. 0. 0. 0.]
 [0. 0. 0. 0. 0.]]
Conformations 2 and 4, from respective molecules.
[[0. 0. 0. 0. 0.]
 [0. 0. 0. 0. 0.]
 [0. 0. 0. 0. 0.]
 [0. 0. 0. 0. 0.]
 [0. 0. 0. 0. 0.]
 [0. 0. 0. 0. 0.]
 [0. 0. 0. 0. 0.]]
Conformations 2 and 5, from respective molecules.
[[0. 0. 0. 0. 0.]
 [0. 0. 0. 0. 0.]
 [0. 0. 0. 0. 0.]
 [0. 0. 0. 0. 0.]
 [0. 0. 0. 0. 0.]
 [0. 0. 0. 0. 0.]
 [0. 0. 0. 0. 0.]]
Conformations 2 and 6, from respective molecules.
[[0. 0. 0. 0. 0.]
 [0. 0. 0. 0. 0.]
 [0. 0. 0. 0. 0.]
 [0. 0. 0. 0. 0.]
 [0. 0. 0. 0. 0.]
 [0. 0. 0. 0. 0.]
 [0. 0. 0. 0. 0.]]
Conformations 2 and 7, from respective molecules.
[[0. 0. 0. 0. 0.]
 [0. 0. 0. 0. 0.]
 [0. 0. 0. 0. 0.]
 [0. 0. 0. 0. 0.]
 [0. 0. 0. 0. 0.]
 [0. 0. 0. 0. 0.]
 [0. 0. 0. 0. 0.]]
Conformations 2 and 8, from respective molecules.
[[0. 0. 0. 0. 0.]
 [0. 0. 0. 0. 0.]
 [0. 0. 0. 0. 0.]
 [0. 0. 0. 0. 0.]
 [0. 0. 0. 0. 0.]
 [0. 0. 0. 0. 0.]
 [0. 0. 0. 0. 0.]]
Conformations 2 and 9, from respective molecules.
[[0. 0. 0. 0. 0.]
 [0. 0. 0. 0. 0.]
 [0. 0. 0. 0. 0.]
 [0. 0. 0. 0. 0.]
 [0. 0. 0. 0. 0.]
 [0. 0. 0. 0. 0.]
 [0. 0. 0. 0. 0.]]
Conformations 2 and 10, from respective molecules.
[[0. 0. 0. 0. 0.]
 [0. 0. 0. 0. 0.]
 [0. 0. 0. 0. 0.]
 [0. 0. 0. 0. 0.]
 [0. 0. 0. 0. 0.]
 [0. 0. 0. 0. 0.]
 [0. 0. 0. 0. 0.]]
Conformations 2 and 11, from respective molecules.
[[0. 0. 0. 0. 0.]
 [0. 0. 0. 0. 0.]
 [0. 0. 0. 0. 0.]
 [0. 0. 0. 0. 0.]
 [0. 0. 0. 0. 0.]
 [0. 0. 0. 0. 0.]
 [0. 0. 0. 0. 0.]]
Conformations 3 and 0, from respective molecules.
[[0.4157 0.     0.     0.     0.    ]
 [0.     0.4207 0.     0.     0.    ]
 [0.     0.     0.9003 0.     0.    ]
 [0.     0.     0.     0.     0.    ]
 [0.     0.     0.     0.     0.    ]
 [0.     0.     0.     0.     0.    ]
 [0.     0.     0.     0.     0.741 ]]
Conformations 3 and 1, from respective molecules.
[[0.653  0.     0.     0.     0.    ]
 [0.     0.1737 0.     0.     0.    ]
 [0.     0.     0.9407 0.     0.    ]
 [0.     0.     0.     0.     0.    ]
 [0.     0.     0.     0.     0.    ]
 [0.     0.     0.     0.     0.    ]
 [0.     0.     0.     0.     0.7114]]
Conformations 3 and 2, from respective molecules.
[[0. 0. 0. 0. 0.]
 [0. 0. 0. 0. 0.]
 [0. 0. 0. 0. 0.]
 [0. 0. 0. 0. 0.]
 [0. 0. 0. 0. 0.]
 [0. 0. 0. 0. 0.]
 [0. 0. 0. 0. 0.]]
Conformations 3 and 3, from respective molecules.
[[0.6608 0.     0.     0.     0.    ]
 [0.     0.2635 0.     0.     0.    ]
 [0.     0.     0.949  0.     0.    ]
 [0.     0.     0.     0.     0.    ]
 [0.     0.     0.     0.     0.    ]
 [0.     0.     0.     0.     0.    ]
 [0.     0.     0.     0.     0.7261]]
Conformations 3 and 4, from respective molecules.
[[0.6499 0.     0.     0.     0.    ]
 [0.     0.1746 0.     0.     0.    ]
 [0.     0.     0.9397 0.     0.    ]
 [0.     0.     0.     0.     0.    ]
 [0.     0.     0.     0.     0.    ]
 [0.     0.     0.     0.     0.    ]
 [0.     0.     0.     0.     0.7096]]
Conformations 3 and 5, from respective molecules.
[[0.6716 0.     0.     0.     0.    ]
 [0.     0.262  0.     0.     0.    ]
 [0.     0.     0.9518 0.     0.    ]
 [0.     0.     0.     0.     0.    ]
 [0.     0.     0.     0.     0.    ]
 [0.     0.     0.     0.     0.    ]
 [0.     0.     0.     0.     0.7298]]
Conformations 3 and 6, from respective molecules.
[[0. 0. 0. 0. 0.]
 [0. 0. 0. 0. 0.]
 [0. 0. 0. 0. 0.]
 [0. 0. 0. 0. 0.]
 [0. 0. 0. 0. 0.]
 [0. 0. 0. 0. 0.]
 [0. 0. 0. 0. 0.]]
Conformations 3 and 7, from respective molecules.
[[0. 0. 0. 0. 0.]
 [0. 0. 0. 0. 0.]
 [0. 0. 0. 0. 0.]
 [0. 0. 0. 0. 0.]
 [0. 0. 0. 0. 0.]
 [0. 0. 0. 0. 0.]
 [0. 0. 0. 0. 0.]]
Conformations 3 and 8, from respective molecules.
[[0. 0. 0. 0. 0.]
 [0. 0. 0. 0. 0.]
 [0. 0. 0. 0. 0.]
 [0. 0. 0. 0. 0.]
 [0. 0. 0. 0. 0.]
 [0. 0. 0. 0. 0.]
 [0. 0. 0. 0. 0.]]
Conformations 3 and 9, from respective molecules.
[[1.0256 0.     0.     0.     0.    ]
 [0.     0.5126 0.     0.     0.    ]
 [0.     0.     1.1151 0.     0.    ]
 [0.     0.     0.     0.     0.    ]
 [0.     0.     0.     0.     0.    ]
 [0.     0.     0.     0.     0.    ]
 [0.     0.     0.     0.     1.1824]]
Conformations 3 and 10, from respective molecules.
[[1.0414 0.     0.     0.     0.    ]
 [0.     0.708  0.     0.     0.    ]
 [0.     0.     1.1895 0.     0.    ]
 [0.     0.     0.     0.     0.    ]
 [0.     0.     0.     0.     0.    ]
 [0.     0.     0.     0.     0.    ]
 [0.     0.     0.     0.     1.2431]]
Conformations 3 and 11, from respective molecules.
[[0.5821 0.     0.     0.     0.    ]
 [0.     0.4531 0.     0.     0.    ]
 [0.     0.     0.964  0.     0.    ]
 [0.     0.     0.     0.     0.    ]
 [0.     0.     0.     0.     0.    ]
 [0.     0.     0.     0.     0.    ]
 [0.     0.     0.     0.     0.8755]]
Conformations 4 and 0, from respective molecules.
[[0.     0.     0.     0.     0.    ]
 [0.     1.1517 0.     0.     0.    ]
 [0.     0.     0.     1.1063 0.    ]
 [0.     0.     0.     0.     0.    ]
 [0.     0.     0.     0.     0.    ]
 [0.     0.     0.     0.     0.    ]
 [0.     0.     0.     0.     1.6816]]
Conformations 4 and 1, from respective molecules.
[[0.     0.     0.     0.     0.    ]
 [0.     1.3217 0.     0.     0.    ]
 [0.     0.     0.     0.9573 0.    ]
 [0.     0.     0.     0.     0.    ]
 [0.     0.     0.     0.     0.    ]
 [0.     0.     0.     0.     0.    ]
 [0.     0.     0.     0.     1.7563]]
Conformations 4 and 2, from respective molecules.
[[0.     0.     0.     0.     0.    ]
 [0.     1.9285 0.     0.     0.    ]
 [0.     0.     0.     1.0105 0.    ]
 [0.     0.     0.     0.     0.    ]
 [0.     0.     0.     0.     0.    ]
 [0.     0.     0.     0.     0.    ]
 [0.     0.     0.     0.     1.536 ]]
Conformations 4 and 3, from respective molecules.
[[0.     0.     0.     0.     0.    ]
 [0.     1.2482 0.     0.     0.    ]
 [0.     0.     0.     0.894  0.    ]
 [0.     0.     0.     0.     0.    ]
 [0.     0.     0.     0.     0.    ]
 [0.     0.     0.     0.     0.    ]
 [0.     0.     0.     0.     1.703 ]]
Conformations 4 and 4, from respective molecules.
[[0. 0. 0. 0. 0.]
 [0. 0. 0. 0. 0.]
 [0. 0. 0. 0. 0.]
 [0. 0. 0. 0. 0.]
 [0. 0. 0. 0. 0.]
 [0. 0. 0. 0. 0.]
 [0. 0. 0. 0. 0.]]
Conformations 4 and 5, from respective molecules.
[[0. 0. 0. 0. 0.]
 [0. 0. 0. 0. 0.]
 [0. 0. 0. 0. 0.]
 [0. 0. 0. 0. 0.]
 [0. 0. 0. 0. 0.]
 [0. 0. 0. 0. 0.]
 [0. 0. 0. 0. 0.]]
Conformations 4 and 6, from respective molecules.
[[0.     0.     0.     0.     0.    ]
 [0.     1.927  0.     0.     0.    ]
 [0.     0.     0.     1.0118 0.    ]
 [0.     0.     0.     0.     0.    ]
 [0.     0.     0.     0.     0.    ]
 [0.     0.     0.     0.     0.    ]
 [0.     0.     0.     0.     1.534 ]]
Conformations 4 and 7, from respective molecules.
[[0.     0.     0.     0.     0.    ]
 [0.     1.0461 0.     0.     0.    ]
 [0.     0.     0.     0.7408 0.    ]
 [0.     0.     0.     0.     0.    ]
 [0.     0.     0.     0.     0.    ]
 [0.     0.     0.     0.     0.    ]
 [0.     0.     0.     0.     1.3829]]
Conformations 4 and 8, from respective molecules.
[[0. 0. 0. 0. 0.]
 [0. 0. 0. 0. 0.]
 [0. 0. 0. 0. 0.]
 [0. 0. 0. 0. 0.]
 [0. 0. 0. 0. 0.]
 [0. 0. 0. 0. 0.]
 [0. 0. 0. 0. 0.]]
Conformations 4 and 9, from respective molecules.
[[0.     0.     0.     0.     0.    ]
 [0.     1.4182 0.     0.     0.    ]
 [0.     0.     0.     0.     0.    ]
 [0.     0.     0.     1.7915 0.    ]
 [0.     0.     0.     0.     0.    ]
 [0.     0.     0.     0.     0.    ]
 [0.     0.     0.     0.     0.9337]]
Conformations 4 and 10, from respective molecules.
[[0. 0. 0. 0. 0.]
 [0. 0. 0. 0. 0.]
 [0. 0. 0. 0. 0.]
 [0. 0. 0. 0. 0.]
 [0. 0. 0. 0. 0.]
 [0. 0. 0. 0. 0.]
 [0. 0. 0. 0. 0.]]
Conformations 4 and 11, from respective molecules.
[[0.     0.     0.     0.     0.    ]
 [0.     1.2139 0.     0.     0.    ]
 [0.     0.     0.     1.0153 0.    ]
 [0.     0.     0.     0.     0.    ]
 [0.     0.     0.     0.     0.    ]
 [0.     0.     0.     0.     0.    ]
 [0.     0.     0.     0.     1.8535]]
Conformations 5 and 0, from respective molecules.
[[0.     0.     0.     0.     0.    ]
 [0.     1.293  0.     0.     0.    ]
 [0.     0.     1.7104 0.     0.    ]
 [0.     0.     0.     0.     0.    ]
 [0.     0.     0.     0.     0.    ]
 [0.     0.     0.     0.     0.    ]
 [0.     0.     0.     0.     1.5442]]
Conformations 5 and 1, from respective molecules.
[[0.     0.     0.     0.     0.    ]
 [0.     1.2941 0.     0.     0.    ]
 [0.     0.     1.4413 0.     0.    ]
 [0.     0.     0.     0.     0.    ]
 [0.     0.     0.     0.     0.    ]
 [0.     0.     0.     0.     0.    ]
 [0.     0.     0.     0.     1.9312]]
Conformations 5 and 2, from respective molecules.
[[0. 0. 0. 0. 0.]
 [0. 0. 0. 0. 0.]
 [0. 0. 0. 0. 0.]
 [0. 0. 0. 0. 0.]
 [0. 0. 0. 0. 0.]
 [0. 0. 0. 0. 0.]
 [0. 0. 0. 0. 0.]]
Conformations 5 and 3, from respective molecules.
[[0.     0.     0.     0.     0.    ]
 [0.     1.3277 0.     0.     0.    ]
 [0.     0.     1.4172 0.     0.    ]
 [0.     0.     0.     0.     0.    ]
 [0.     0.     0.     0.     0.    ]
 [0.     0.     0.     0.     0.    ]
 [0.     0.     0.     0.     1.7792]]
Conformations 5 and 4, from respective molecules.
[[0.     0.     0.     0.     0.    ]
 [0.     1.2931 0.     0.     0.    ]
 [0.     0.     1.4362 0.     0.    ]
 [0.     0.     0.     0.     0.    ]
 [0.     0.     0.     0.     0.    ]
 [0.     0.     0.     0.     0.    ]
 [0.     0.     0.     0.     1.9271]]
Conformations 5 and 5, from respective molecules.
[[0.     0.     0.     0.     0.    ]
 [0.     1.3328 0.     0.     0.    ]
 [0.     0.     1.4255 0.     0.    ]
 [0.     0.     0.     0.     0.    ]
 [0.     0.     0.     0.     0.    ]
 [0.     0.     0.     0.     0.    ]
 [0.     0.     0.     0.     1.7854]]
Conformations 5 and 6, from respective molecules.
[[0. 0. 0. 0. 0.]
 [0. 0. 0. 0. 0.]
 [0. 0. 0. 0. 0.]
 [0. 0. 0. 0. 0.]
 [0. 0. 0. 0. 0.]
 [0. 0. 0. 0. 0.]
 [0. 0. 0. 0. 0.]]
Conformations 5 and 7, from respective molecules.
[[0. 0. 0. 0. 0.]
 [0. 0. 0. 0. 0.]
 [0. 0. 0. 0. 0.]
 [0. 0. 0. 0. 0.]
 [0. 0. 0. 0. 0.]
 [0. 0. 0. 0. 0.]
 [0. 0. 0. 0. 0.]]
Conformations 5 and 8, from respective molecules.
[[0. 0. 0. 0. 0.]
 [0. 0. 0. 0. 0.]
 [0. 0. 0. 0. 0.]
 [0. 0. 0. 0. 0.]
 [0. 0. 0. 0. 0.]
 [0. 0. 0. 0. 0.]
 [0. 0. 0. 0. 0.]]
Conformations 5 and 9, from respective molecules.
[[0. 0. 0. 0. 0.]
 [0. 0. 0. 0. 0.]
 [0. 0. 0. 0. 0.]
 [0. 0. 0. 0. 0.]
 [0. 0. 0. 0. 0.]
 [0. 0. 0. 0. 0.]
 [0. 0. 0. 0. 0.]]
Conformations 5 and 10, from respective molecules.
[[0.     0.     0.     0.     0.    ]
 [0.     1.6408 0.     0.     0.    ]
 [0.     0.     0.     1.762  0.    ]
 [0.     0.     0.     0.     0.    ]
 [0.     0.     0.     0.     0.    ]
 [0.     0.     0.     0.     0.    ]
 [0.     0.     0.     0.     1.5286]]
Conformations 5 and 11, from respective molecules.
[[0.     0.     0.     0.     0.    ]
 [0.     1.3988 0.     0.     0.    ]
 [0.     0.     0.     1.6705 0.    ]
 [0.     0.     0.     0.     0.    ]
 [0.     0.     0.     0.     0.    ]
 [0.     0.     0.     0.     0.    ]
 [0.     0.     0.     0.     1.4553]]
Conformations 6 and 0, from respective molecules.
[[0.     0.     0.     0.     0.    ]
 [0.     1.3582 0.     0.     0.    ]
 [0.     0.     0.     1.3987 0.    ]
 [1.7317 0.     0.     0.     0.    ]
 [0.     0.     0.     0.     0.    ]
 [0.     0.     0.     0.     0.    ]
 [0.     0.     0.     0.     1.302 ]]
Conformations 6 and 1, from respective molecules.
[[0.     0.     0.     0.     0.    ]
 [0.     1.2443 0.     0.     0.    ]
 [0.     0.     0.     1.3853 0.    ]
 [1.9978 0.     0.     0.     0.    ]
 [0.     0.     0.     0.     0.    ]
 [0.     0.     0.     0.     0.    ]
 [0.     0.     0.     0.     1.1194]]
Conformations 6 and 2, from respective molecules.
[[0.     0.     0.     0.     0.    ]
 [0.     0.     0.     0.     0.    ]
 [0.     0.     0.     0.9548 0.    ]
 [0.     0.     0.     0.     0.    ]
 [0.     0.     0.     0.     0.    ]
 [1.9803 0.     0.     0.     0.    ]
 [0.     0.     0.     0.     1.2231]]
Conformations 6 and 3, from respective molecules.
[[0.     0.     0.     0.     0.    ]
 [0.     1.3601 0.     0.     0.    ]
 [0.     0.     0.     1.4517 0.    ]
 [0.     0.     0.     0.     0.    ]
 [0.     0.     0.     0.     0.    ]
 [0.     0.     0.     0.     0.    ]
 [0.     0.     0.     0.     1.2337]]
Conformations 6 and 4, from respective molecules.
[[0.     0.     0.     0.     0.    ]
 [0.     1.2436 0.     0.     0.    ]
 [0.     0.     0.     1.3869 0.    ]
 [1.9949 0.     0.     0.     0.    ]
 [0.     0.     0.     0.     0.    ]
 [0.     0.     0.     0.     0.    ]
 [0.     0.     0.     0.     1.1171]]
Conformations 6 and 5, from respective molecules.
[[0.     0.     0.     0.     0.    ]
 [0.     1.3636 0.     0.     0.    ]
 [0.     0.     0.     1.4478 0.    ]
 [0.     0.     0.     0.     0.    ]
 [0.     0.     0.     0.     0.    ]
 [0.     0.     0.     0.     0.    ]
 [0.     0.     0.     0.     1.2368]]
Conformations 6 and 6, from respective molecules.
[[0.     0.     0.     0.     0.    ]
 [0.     0.     0.     0.     0.    ]
 [0.     0.     0.     0.9546 0.    ]
 [0.     0.     0.     0.     0.    ]
 [0.     0.     0.     0.     0.    ]
 [1.9808 0.     0.     0.     0.    ]
 [0.     0.     0.     0.     1.2235]]
Conformations 6 and 7, from respective molecules.
[[0.     0.     0.     0.     0.    ]
 [0.     1.8431 0.     0.     0.    ]
 [0.     0.     0.     0.5046 0.    ]
 [0.     0.     0.     0.     0.    ]
 [0.     0.     0.     0.     0.    ]
 [0.     0.     0.     0.     0.    ]
 [0.     0.     0.     0.     1.7734]]
Conformations 6 and 8, from respective molecules.
[[0.     0.     0.     0.     0.    ]
 [0.     1.9721 0.     0.     0.    ]
 [0.     0.     0.     0.4756 0.    ]
 [0.     0.     0.     0.     0.    ]
 [0.     0.     0.     0.     0.    ]
 [0.     0.     0.     0.     0.    ]
 [0.     0.     0.     0.     1.8155]]
Conformations 6 and 9, from respective molecules.
[[0.     0.     0.     0.     0.    ]
 [0.     1.0987 0.     0.     0.    ]
 [0.     0.     0.     1.0689 0.    ]
 [0.     0.     0.     0.     0.    ]
 [0.     0.     0.     0.     0.    ]
 [0.     0.     0.     0.     0.    ]
 [0.     0.     0.     0.     1.3039]]
Conformations 6 and 10, from respective molecules.
[[0.     0.     0.     0.     0.    ]
 [0.     1.6641 0.     0.     0.    ]
 [0.     0.     0.     1.4282 0.    ]
 [0.     0.     0.     0.     0.    ]
 [0.     0.     0.     0.     0.    ]
 [0.     0.     0.     0.     0.    ]
 [0.     0.     0.     0.     1.918 ]]
Conformations 6 and 11, from respective molecules.
[[0.     0.     0.     0.     0.    ]
 [0.     1.4221 0.     0.     0.    ]
 [0.     0.     0.     1.3329 0.    ]
 [1.8734 0.     0.     0.     0.    ]
 [0.     0.     0.     0.     0.    ]
 [0.     0.     0.     0.     0.    ]
 [0.     0.     0.     0.     1.4407]]
Conformations 7 and 0, from respective molecules.
[[0.     0.     0.     0.     0.    ]
 [0.     1.3252 0.     0.     0.    ]
 [0.     0.     0.     1.1631 0.    ]
 [0.     0.     0.     0.     0.    ]
 [0.     0.     0.     0.     0.    ]
 [0.     0.     0.     0.     0.    ]
 [0.     0.     0.     0.     1.5774]]
Conformations 7 and 1, from respective molecules.
[[0.     0.     0.     0.     0.    ]
 [0.     1.2205 0.     0.     0.    ]
 [0.     0.     0.     1.1709 0.    ]
 [0.     0.     0.     0.     0.    ]
 [0.     0.     0.     0.     0.    ]
 [0.     0.     0.     0.     0.    ]
 [0.     0.     0.     0.     1.3809]]
Conformations 7 and 2, from respective molecules.
[[0.     0.     0.     0.     0.    ]
 [0.     0.     0.     0.     0.    ]
 [0.     0.     0.     0.7791 0.    ]
 [0.     0.     0.     0.     0.    ]
 [0.     0.     0.     0.     0.    ]
 [1.9914 0.     0.     0.     0.    ]
 [0.     0.     0.     0.     1.2509]]
Conformations 7 and 3, from respective molecules.
[[0.     0.     0.     0.     0.    ]
 [0.     1.3404 0.     0.     0.    ]
 [0.     0.     0.     1.2417 0.    ]
 [0.     0.     0.     0.     0.    ]
 [0.     0.     0.     0.     0.    ]
 [0.     0.     0.     0.     0.    ]
 [0.     0.     0.     0.     1.4616]]
Conformations 7 and 4, from respective molecules.
[[0.     0.     0.     0.     0.    ]
 [0.     1.2196 0.     0.     0.    ]
 [0.     0.     0.     1.1726 0.    ]
 [0.     0.     0.     0.     0.    ]
 [0.     0.     0.     0.     0.    ]
 [0.     0.     0.     0.     0.    ]
 [0.     0.     0.     0.     1.3778]]
Conformations 7 and 5, from respective molecules.
[[0.     0.     0.     0.     0.    ]
 [0.     1.3444 0.     0.     0.    ]
 [0.     0.     0.     1.2376 0.    ]
 [0.     0.     0.     0.     0.    ]
 [0.     0.     0.     0.     0.    ]
 [0.     0.     0.     0.     0.    ]
 [0.     0.     0.     0.     1.4669]]
Conformations 7 and 6, from respective molecules.
[[0.     0.     0.     0.     0.    ]
 [0.     0.     0.     0.     0.    ]
 [0.     0.     0.     0.7807 0.    ]
 [0.     0.     0.     0.     0.    ]
 [0.     0.     0.     0.     0.    ]
 [1.9914 0.     0.     0.     0.    ]
 [0.     0.     0.     0.     1.2504]]
Conformations 7 and 7, from respective molecules.
[[0.     0.     0.     0.     0.    ]
 [0.     1.2909 0.     0.     0.    ]
 [0.     0.     0.     0.9342 0.    ]
 [0.     0.     0.     0.     0.    ]
 [0.     0.     0.     0.     0.    ]
 [1.7203 0.     0.     0.     0.    ]
 [0.     0.     0.     0.     1.2978]]
Conformations 7 and 8, from respective molecules.
[[0.     0.     0.     0.     0.    ]
 [0.     1.2875 0.     0.     0.    ]
 [0.     0.     0.     0.9332 0.    ]
 [0.     0.     0.     0.     0.    ]
 [0.     0.     0.     0.     0.    ]
 [1.719  0.     0.     0.     0.    ]
 [0.     0.     0.     0.     1.2986]]
Conformations 7 and 9, from respective molecules.
[[0.     0.     0.     0.     0.    ]
 [0.     1.1274 0.     0.     0.    ]
 [0.     0.     0.     0.8482 0.    ]
 [0.     0.     0.     0.     0.    ]
 [0.     0.     0.     0.     0.    ]
 [0.     0.     0.     0.     0.    ]
 [0.     0.     0.     0.     1.785 ]]
Conformations 7 and 10, from respective molecules.
[[0. 0. 0. 0. 0.]
 [0. 0. 0. 0. 0.]
 [0. 0. 0. 0. 0.]
 [0. 0. 0. 0. 0.]
 [0. 0. 0. 0. 0.]
 [0. 0. 0. 0. 0.]
 [0. 0. 0. 0. 0.]]
Conformations 7 and 11, from respective molecules.
[[0.     0.     0.     0.     0.    ]
 [0.     1.3986 0.     0.     0.    ]
 [0.     0.     0.     1.0928 0.    ]
 [0.     0.     0.     0.     0.    ]
 [0.     0.     0.     0.     0.    ]
 [0.     0.     0.     0.     0.    ]
 [0.     0.     0.     0.     1.7598]]
Conformations 8 and 0, from respective molecules.
[[0.     1.1707 0.     0.     0.    ]
 [0.     0.     0.     0.     0.    ]
 [0.     0.     0.     0.     0.    ]
 [0.     0.     0.     0.     0.    ]
 [1.5882 0.     0.     0.     0.    ]
 [0.     0.     0.     1.0775 0.    ]
 [0.     0.     0.     0.     0.    ]]
Conformations 8 and 1, from respective molecules.
[[0.     1.272  0.     0.     0.    ]
 [0.     0.     0.     0.     0.    ]
 [0.     0.     0.     0.     0.    ]
 [0.     0.     0.     0.     0.    ]
 [1.7204 0.     0.     0.     0.    ]
 [0.     0.     0.     1.0396 0.    ]
 [0.     0.     0.     0.     0.    ]]
Conformations 8 and 2, from respective molecules.
[[0.     0.     0.     0.     0.    ]
 [0.     1.7497 0.     0.     0.    ]
 [0.     0.     1.5513 0.     0.    ]
 [1.162  0.     0.     0.     0.    ]
 [0.     0.     0.     0.     0.    ]
 [0.     0.     0.     0.     0.    ]
 [0.     0.     0.     0.     1.2434]]
Conformations 8 and 3, from respective molecules.
[[0.     1.1598 0.     0.     0.    ]
 [0.     0.     0.     0.     0.    ]
 [0.     0.     0.     0.     0.    ]
 [0.     0.     0.     0.     0.    ]
 [1.7311 0.     0.     0.     0.    ]
 [0.     0.     0.     1.0502 0.    ]
 [0.     0.     0.     0.     0.    ]]
Conformations 8 and 4, from respective molecules.
[[0.     1.2758 0.     0.     0.    ]
 [0.     0.     0.     0.     0.    ]
 [0.     0.     0.     0.     0.    ]
 [0.     0.     0.     0.     0.    ]
 [1.7151 0.     0.     0.     0.    ]
 [0.     0.     0.     1.0389 0.    ]
 [0.     0.     0.     0.     0.    ]]
Conformations 8 and 5, from respective molecules.
[[0.     0.7212 0.     0.     0.    ]
 [0.     0.     0.     0.     0.    ]
 [0.     0.     0.     0.     0.    ]
 [0.7824 0.     0.     0.     0.    ]
 [0.     0.     0.     0.     0.    ]
 [0.     0.     0.     0.8017 0.    ]
 [0.     0.     0.     0.     0.    ]]
Conformations 8 and 6, from respective molecules.
[[0.     0.     0.     0.     0.    ]
 [0.     1.7494 0.     0.     0.    ]
 [0.     0.     1.5524 0.     0.    ]
 [1.1636 0.     0.     0.     0.    ]
 [0.     0.     0.     0.     0.    ]
 [0.     0.     0.     0.     0.    ]
 [0.     0.     0.     0.     1.2459]]
Conformations 8 and 7, from respective molecules.
[[0. 0. 0. 0. 0.]
 [0. 0. 0. 0. 0.]
 [0. 0. 0. 0. 0.]
 [0. 0. 0. 0. 0.]
 [0. 0. 0. 0. 0.]
 [0. 0. 0. 0. 0.]
 [0. 0. 0. 0. 0.]]
Conformations 8 and 8, from respective molecules.
[[0. 0. 0. 0. 0.]
 [0. 0. 0. 0. 0.]
 [0. 0. 0. 0. 0.]
 [0. 0. 0. 0. 0.]
 [0. 0. 0. 0. 0.]
 [0. 0. 0. 0. 0.]
 [0. 0. 0. 0. 0.]]
Conformations 8 and 9, from respective molecules.
[[0. 0. 0. 0. 0.]
 [0. 0. 0. 0. 0.]
 [0. 0. 0. 0. 0.]
 [0. 0. 0. 0. 0.]
 [0. 0. 0. 0. 0.]
 [0. 0. 0. 0. 0.]
 [0. 0. 0. 0. 0.]]
Conformations 8 and 10, from respective molecules.
[[0.     0.     0.     0.     0.    ]
 [0.     1.1606 0.     0.     0.    ]
 [0.     0.     0.5557 0.     0.    ]
 [0.     0.     0.     0.     0.    ]
 [0.9573 0.     0.     0.     0.    ]
 [0.     0.     0.     0.     0.    ]
 [0.     0.     0.     0.     0.9721]]
Conformations 8 and 11, from respective molecules.
[[0. 0. 0. 0. 0.]
 [0. 0. 0. 0. 0.]
 [0. 0. 0. 0. 0.]
 [0. 0. 0. 0. 0.]
 [0. 0. 0. 0. 0.]
 [0. 0. 0. 0. 0.]
 [0. 0. 0. 0. 0.]]
Conformations 9 and 0, from respective molecules.
[[0. 0. 0. 0. 0.]
 [0. 0. 0. 0. 0.]
 [0. 0. 0. 0. 0.]
 [0. 0. 0. 0. 0.]
 [0. 0. 0. 0. 0.]
 [0. 0. 0. 0. 0.]
 [0. 0. 0. 0. 0.]]
Conformations 9 and 1, from respective molecules.
[[1.5964 0.     0.     0.     0.    ]
 [0.     0.     0.     0.     0.    ]
 [0.     0.     0.     1.194  0.    ]
 [0.     0.     0.     0.     0.    ]
 [0.     1.1836 0.     0.     0.    ]
 [0.     0.     0.     0.     0.    ]
 [0.     0.     0.     0.     0.    ]]
Conformations 9 and 2, from respective molecules.
[[0. 0. 0. 0. 0.]
 [0. 0. 0. 0. 0.]
 [0. 0. 0. 0. 0.]
 [0. 0. 0. 0. 0.]
 [0. 0. 0. 0. 0.]
 [0. 0. 0. 0. 0.]
 [0. 0. 0. 0. 0.]]
Conformations 9 and 3, from respective molecules.
[[0. 0. 0. 0. 0.]
 [0. 0. 0. 0. 0.]
 [0. 0. 0. 0. 0.]
 [0. 0. 0. 0. 0.]
 [0. 0. 0. 0. 0.]
 [0. 0. 0. 0. 0.]
 [0. 0. 0. 0. 0.]]
Conformations 9 and 4, from respective molecules.
[[1.593  0.     0.     0.     0.    ]
 [0.     0.     0.     0.     0.    ]
 [0.     0.     0.     1.1944 0.    ]
 [0.     0.     0.     0.     0.    ]
 [0.     1.1845 0.     0.     0.    ]
 [0.     0.     0.     0.     0.    ]
 [0.     0.     0.     0.     0.    ]]
Conformations 9 and 5, from respective molecules.
[[0. 0. 0. 0. 0.]
 [0. 0. 0. 0. 0.]
 [0. 0. 0. 0. 0.]
 [0. 0. 0. 0. 0.]
 [0. 0. 0. 0. 0.]
 [0. 0. 0. 0. 0.]
 [0. 0. 0. 0. 0.]]
Conformations 9 and 6, from respective molecules.
[[0. 0. 0. 0. 0.]
 [0. 0. 0. 0. 0.]
 [0. 0. 0. 0. 0.]
 [0. 0. 0. 0. 0.]
 [0. 0. 0. 0. 0.]
 [0. 0. 0. 0. 0.]
 [0. 0. 0. 0. 0.]]
Conformations 9 and 7, from respective molecules.
[[0. 0. 0. 0. 0.]
 [0. 0. 0. 0. 0.]
 [0. 0. 0. 0. 0.]
 [0. 0. 0. 0. 0.]
 [0. 0. 0. 0. 0.]
 [0. 0. 0. 0. 0.]
 [0. 0. 0. 0. 0.]]
Conformations 9 and 8, from respective molecules.
[[0. 0. 0. 0. 0.]
 [0. 0. 0. 0. 0.]
 [0. 0. 0. 0. 0.]
 [0. 0. 0. 0. 0.]
 [0. 0. 0. 0. 0.]
 [0. 0. 0. 0. 0.]
 [0. 0. 0. 0. 0.]]
Conformations 9 and 9, from respective molecules.
[[0. 0. 0. 0. 0.]
 [0. 0. 0. 0. 0.]
 [0. 0. 0. 0. 0.]
 [0. 0. 0. 0. 0.]
 [0. 0. 0. 0. 0.]
 [0. 0. 0. 0. 0.]
 [0. 0. 0. 0. 0.]]
Conformations 9 and 10, from respective molecules.
[[0. 0. 0. 0. 0.]
 [0. 0. 0. 0. 0.]
 [0. 0. 0. 0. 0.]
 [0. 0. 0. 0. 0.]
 [0. 0. 0. 0. 0.]
 [0. 0. 0. 0. 0.]
 [0. 0. 0. 0. 0.]]
Conformations 9 and 11, from respective molecules.
[[0. 0. 0. 0. 0.]
 [0. 0. 0. 0. 0.]
 [0. 0. 0. 0. 0.]
 [0. 0. 0. 0. 0.]
 [0. 0. 0. 0. 0.]
 [0. 0. 0. 0. 0.]
 [0. 0. 0. 0. 0.]]
Conformations 10 and 0, from respective molecules.
[[0. 0. 0. 0. 0.]
 [0. 0. 0. 0. 0.]
 [0. 0. 0. 0. 0.]
 [0. 0. 0. 0. 0.]
 [0. 0. 0. 0. 0.]
 [0. 0. 0. 0. 0.]
 [0. 0. 0. 0. 0.]]
Conformations 10 and 1, from respective molecules.
[[0.     0.     0.     0.     0.    ]
 [0.     0.     0.     0.     0.    ]
 [0.     0.     0.     1.2645 0.    ]
 [1.6547 0.     0.     0.     0.    ]
 [0.     1.3432 0.     0.     0.    ]
 [0.     0.     0.     0.     0.    ]
 [0.     0.     0.     0.     0.    ]]
Conformations 10 and 2, from respective molecules.
[[0. 0. 0. 0. 0.]
 [0. 0. 0. 0. 0.]
 [0. 0. 0. 0. 0.]
 [0. 0. 0. 0. 0.]
 [0. 0. 0. 0. 0.]
 [0. 0. 0. 0. 0.]
 [0. 0. 0. 0. 0.]]
Conformations 10 and 3, from respective molecules.
[[0.     0.     0.     0.     0.    ]
 [0.     0.     0.     0.     0.    ]
 [0.     0.     0.     1.2648 0.    ]
 [1.6563 0.     0.     0.     0.    ]
 [0.     1.355  0.     0.     0.    ]
 [0.     0.     0.     0.     0.    ]
 [0.     0.     0.     0.     0.    ]]
Conformations 10 and 4, from respective molecules.
[[0.     0.     0.     0.     0.    ]
 [0.     0.     0.     0.     0.    ]
 [0.     0.     0.     1.2664 0.    ]
 [1.6523 0.     0.     0.     0.    ]
 [0.     1.342  0.     0.     0.    ]
 [0.     0.     0.     0.     0.    ]
 [0.     0.     0.     0.     0.    ]]
Conformations 10 and 5, from respective molecules.
[[0.     0.     0.     0.     0.    ]
 [0.     0.     0.     0.     0.    ]
 [0.     0.     0.     1.2644 0.    ]
 [1.6692 0.     0.     0.     0.    ]
 [0.     1.3478 0.     0.     0.    ]
 [0.     0.     0.     0.     0.    ]
 [0.     0.     0.     0.     0.    ]]
Conformations 10 and 6, from respective molecules.
[[0. 0. 0. 0. 0.]
 [0. 0. 0. 0. 0.]
 [0. 0. 0. 0. 0.]
 [0. 0. 0. 0. 0.]
 [0. 0. 0. 0. 0.]
 [0. 0. 0. 0. 0.]
 [0. 0. 0. 0. 0.]]
Conformations 10 and 7, from respective molecules.
[[0. 0. 0. 0. 0.]
 [0. 0. 0. 0. 0.]
 [0. 0. 0. 0. 0.]
 [0. 0. 0. 0. 0.]
 [0. 0. 0. 0. 0.]
 [0. 0. 0. 0. 0.]
 [0. 0. 0. 0. 0.]]
Conformations 10 and 8, from respective molecules.
[[0. 0. 0. 0. 0.]
 [0. 0. 0. 0. 0.]
 [0. 0. 0. 0. 0.]
 [0. 0. 0. 0. 0.]
 [0. 0. 0. 0. 0.]
 [0. 0. 0. 0. 0.]
 [0. 0. 0. 0. 0.]]
Conformations 10 and 9, from respective molecules.
[[0. 0. 0. 0. 0.]
 [0. 0. 0. 0. 0.]
 [0. 0. 0. 0. 0.]
 [0. 0. 0. 0. 0.]
 [0. 0. 0. 0. 0.]
 [0. 0. 0. 0. 0.]
 [0. 0. 0. 0. 0.]]
Conformations 10 and 10, from respective molecules.
[[0. 0. 0. 0. 0.]
 [0. 0. 0. 0. 0.]
 [0. 0. 0. 0. 0.]
 [0. 0. 0. 0. 0.]
 [0. 0. 0. 0. 0.]
 [0. 0. 0. 0. 0.]
 [0. 0. 0. 0. 0.]]
Conformations 10 and 11, from respective molecules.
[[0. 0. 0. 0. 0.]
 [0. 0. 0. 0. 0.]
 [0. 0. 0. 0. 0.]
 [0. 0. 0. 0. 0.]
 [0. 0. 0. 0. 0.]
 [0. 0. 0. 0. 0.]
 [0. 0. 0. 0. 0.]]
Conformations 11 and 0, from respective molecules.
[[1.3103 0.     0.     0.     0.    ]
 [0.     0.9807 0.     0.     0.    ]
 [0.     0.     0.7996 0.     0.    ]
 [0.     0.     0.     0.     0.    ]
 [0.     0.     0.     0.     0.    ]
 [0.     0.     0.     0.     0.    ]
 [0.     0.     0.     0.     0.6088]]
Conformations 11 and 1, from respective molecules.
[[1.065  0.     0.     0.     0.    ]
 [0.     0.9411 0.     0.     0.    ]
 [0.     0.     0.4657 0.     0.    ]
 [0.     0.     0.     0.     0.    ]
 [0.     0.     0.     0.     0.    ]
 [0.     0.     0.     0.     0.    ]
 [0.     0.     0.     0.     0.5287]]
Conformations 11 and 2, from respective molecules.
[[0. 0. 0. 0. 0.]
 [0. 0. 0. 0. 0.]
 [0. 0. 0. 0. 0.]
 [0. 0. 0. 0. 0.]
 [0. 0. 0. 0. 0.]
 [0. 0. 0. 0. 0.]
 [0. 0. 0. 0. 0.]]
Conformations 11 and 3, from respective molecules.
[[1.0726 0.     0.     0.     0.    ]
 [0.     1.0074 0.     0.     0.    ]
 [0.     0.     0.5293 0.     0.    ]
 [0.     0.     0.     0.     0.    ]
 [0.     0.     0.     0.     0.    ]
 [0.     0.     0.     0.     0.    ]
 [0.     0.     0.     0.     0.617 ]]
Conformations 11 and 4, from respective molecules.
[[1.0674 0.     0.     0.     0.    ]
 [0.     0.9404 0.     0.     0.    ]
 [0.     0.     0.4648 0.     0.    ]
 [0.     0.     0.     0.     0.    ]
 [0.     0.     0.     0.     0.    ]
 [0.     0.     0.     0.     0.    ]
 [0.     0.     0.     0.     0.5302]]
Conformations 11 and 5, from respective molecules.
[[1.0643 0.     0.     0.     0.    ]
 [0.     1.0121 0.     0.     0.    ]
 [0.     0.     0.5303 0.     0.    ]
 [0.     0.     0.     0.     0.    ]
 [0.     0.     0.     0.     0.    ]
 [0.     0.     0.     0.     0.    ]
 [0.     0.     0.     0.     0.6126]]
Conformations 11 and 6, from respective molecules.
[[0. 0. 0. 0. 0.]
 [0. 0. 0. 0. 0.]
 [0. 0. 0. 0. 0.]
 [0. 0. 0. 0. 0.]
 [0. 0. 0. 0. 0.]
 [0. 0. 0. 0. 0.]
 [0. 0. 0. 0. 0.]]
Conformations 11 and 7, from respective molecules.
[[1.4638 0.     0.     0.     0.    ]
 [0.     0.     0.     0.     0.    ]
 [0.     0.     0.6646 0.     0.    ]
 [0.     0.     0.     0.     0.    ]
 [0.     0.     0.     0.     0.    ]
 [0.     0.     0.     0.     0.    ]
 [0.     0.     0.     0.     1.0045]]
Conformations 11 and 8, from respective molecules.
[[0. 0. 0. 0. 0.]
 [0. 0. 0. 0. 0.]
 [0. 0. 0. 0. 0.]
 [0. 0. 0. 0. 0.]
 [0. 0. 0. 0. 0.]
 [0. 0. 0. 0. 0.]
 [0. 0. 0. 0. 0.]]
Conformations 11 and 9, from respective molecules.
[[0.9769 0.     0.     0.     0.    ]
 [0.     1.0238 0.     0.     0.    ]
 [0.     0.     0.6435 0.     0.    ]
 [0.     0.     0.     0.     0.    ]
 [0.     0.     0.     0.     0.    ]
 [0.     0.     0.     0.     0.    ]
 [0.     0.     0.     0.     0.5824]]
Conformations 11 and 10, from respective molecules.
[[1.0224 0.     0.     0.     0.    ]
 [0.     1.3344 0.     0.     0.    ]
 [0.     0.     1.0244 0.     0.    ]
 [0.     0.     0.     0.     0.    ]
 [0.     0.     0.     0.     0.    ]
 [0.     0.     0.     0.     0.    ]
 [0.     0.     0.     0.     0.999 ]]
Conformations 11 and 11, from respective molecules.
[[1.1872 0.     0.     0.     0.    ]
 [0.     1.054  0.     0.     0.    ]
 [0.     0.     0.8881 0.     0.    ]
 [0.     0.     0.     0.     0.    ]
 [0.     0.     0.     0.     0.    ]
 [0.     0.     0.     0.     0.    ]
 [0.     0.     0.     0.     0.6122]]
