518
567
2000
555
2000
527
616
2000
532
547
564
516
965
999
2000
993
2000
925
967
2000
921
951
916
965
1068
2000
2000
1026
2000
1062
957
2000
640
1050
944
994
599
597
2000
591
1096
585
632
1064
574
562
604
594
1037
1091
2000
2000
2000
1002
949
2000
1001
1039
1088
1060
1080
1027
2000
2000
2000
1080
934
2000
1030
967
928
1092
934
936
1032
920
2000
951
1049
1038
937
927
940
926
1017
978
2000
2000
2000
1032
2000
1063
915
939
935
2000
958
993
576
2000
588
928
672
594
2000
2000
1105
986
979
999
2000
993
2000
951
993
2000
1026
953
920
979
1168
2000
2000
2000
2000
1066
999
2000
1058
1075
1045
1108
621
601
2000
598
1097
632
1074
1115
654
630
620
607
