507
526
997
521
514
973
997
1021
2000
621
940
519
546
543
996
538
538
544
996
1041
1041
623
966
550
2000
2000
1026
2000
2000
2000
1027
2000
2000
2000
980
2000
538
536
994
530
530
538
994
1037
1037
1025
1000
544
2000
2000
1058
2000
2000
2000
1058
2000
2000
2000
993
2000
510
532
999
525
532
525
999
1021
1021
1007
950
522
547
2000
2000
2000
2000
2000
2000
2000
2000
2000
2000
590
2000
2000
2000
2000
2000
2000
2000
2000
2000
2000
993
2000
964
614
2000
607
636
608
2000
1042
1042
588
969
963
969
622
1033
986
622
986
1033
1015
1015
1005
970
533
524
549
1006
519
549
545
1005
2000
2000
1011
561
549
510
521
984
516
521
516
984
1042
1043
616
935
518
622
2000
2000
2000
2000
2000
2000
2000
2000
2000
2000
2000
2000
2000
2000
2000
2000
2000
2000
2000
2000
2000
2000
2000
2000
2000
2000
2000
2000
2000
2000
2000
2000
2000
2000
2000
1031
2000
2000
2000
2000
2000
2000
2000
2000
2000
2000
2000
2000
2000
2000
2000
2000
2000
2000
2000
2000
2000
2000
2000
1014
2000
2000
2000
2000
2000
2000
2000
2000
2000
2000
1064
978
2000
2000
2000
2000
2000
2000
2000
2000
2000
1009
2000
2000
2000
2000
2000
2000
2000
2000
2000
2000
2000
2000
2000
1004
1018
2000
1012
1089
1012
2000
2000
2000
2000
1038
1012
2000
2000
2000
2000
2000
2000
2000
2000
2000
2000
1107
2000
1019
1023
2000
2000
1025
1023
2000
2000
2000
2000
2000
2000
1013
2000
2000
1019
2000
1020
2000
2000
2000
2000
2000
1060
622
1050
2000
2000
1049
2000
2000
2000
2000
2000
2000
2000
2000
2000
2000
2000
2000
2000
2000
2000
2000
2000
2000
2000
2000
2000
2000
2000
2000
2000
2000
2000
2000
2000
2000
2000
1035
2000
2000
2000
2000
2000
2000
2000
2000
2000
2000
2000
2000
2000
2000
2000
2000
2000
2000
2000
2000
2000
2000
2000
1010
1001
2000
2000
2000
2000
2000
2000
2000
2000
2000
2000
2000
2000
2000
2000
2000
2000
2000
2000
2000
2000
2000
2000
2000
2000
2000
2000
2000
2000
2000
2000
2000
2000
2000
2000
1041
2000
2000
1065
2000
1066
2000
2000
2000
2000
2000
2000
2000
2000
2000
2000
2000
2000
2000
2000
2000
2000
2000
2000
1020
2000
2000
2000
2000
2000
2000
2000
2000
2000
2000
2000
1012
2000
2000
2000
2000
2000
2000
2000
2000
2000
2000
2000
524
981
2000
530
531
984
2000
2000
2000
1011
996
529
550
541
1022
545
541
545
2000
2000
2000
1013
1010
554
2000
2000
2000
2000
2000
2000
2000
2000
2000
2000
1014
2000
543
534
2000
538
534
538
2000
2000
2000
1029
573
548
2000
2000
2000
2000
2000
2000
2000
2000
2000
2000
631
1081
531
539
2000
613
539
613
2000
2000
2000
1014
623
535
562
575
2000
571
575
571
2000
2000
2000
610
576
564
2000
2000
2000
2000
2000
2000
2000
2000
2000
2000
1028
2000
2000
2000
2000
2000
1025
2000
2000
2000
2000
619
2000
2000
976
610
2000
608
610
608
2000
2000
2000
641
1005
522
532
529
2000
544
543
544
2000
2000
2000
638
559
536
530
531
2000
530
531
530
2000
2000
2000
655
999
534
1015
2000
2000
2000
2000
2000
2000
1063
2000
2000
2000
2000
2000
2000
1050
2000
2000
2000
2000
2000
2000
2000
2000
2000
2000
2000
1066
2000
2000
2000
1066
2000
2000
2000
2000
2000
1051
2000
2000
2000
2000
2000
2000
1014
2000
2000
2000
2000
2000
2000
2000
2000
2000
2000
2000
2000
2000
2000
2000
2000
1015
1056
2000
2000
2000
2000
2000
2000
2000
2000
2000
1036
995
2000
2000
2000
2000
2000
2000
2000
2000
2000
2000
2000
2000
2000
2000
2000
2000
2000
2000
1045
2000
2000
2000
2000
2000
2000
2000
2000
2000
2000
2000
2000
2000
2000
2000
2000
2000
2000
2000
2000
2000
2000
2000
2000
2000
2000
2000
2000
2000
2000
1086
2000
2000
2000
1086
2000
2000
2000
2000
2000
1020
2000
2000
2000
2000
2000
2000
1058
2000
2000
2000
2000
1039
1055
2000
2000
1055
2000
2000
2000
2000
2000
1086
1045
1057
1053
2000
2000
1052
2000
2000
2000
2000
2000
2000
2000
2000
2000
2000
2000
2000
2000
2000
2000
2000
2000
2000
2000
1055
2000
2000
2000
2000
2000
2000
2000
2000
2000
2000
1062
2000
2000
2000
2000
2000
2000
2000
2000
2000
2000
2000
2000
1041
2000
2000
2000
2000
2000
2000
2000
2000
2000
1087
1048
2000
2000
2000
2000
2000
2000
2000
2000
2000
2000
2000
2000
2000
2000
2000
2000
2000
2000
2000
2000
2000
2000
2000
2000
2000
2000
2000
2000
2000
2000
2000
2000
2000
2000
2000
2000
1045
2000
2000
2000
2000
2000
2000
2000
2000
2000
1085
2000
964
1036
2000
2000
1033
1041
2000
2000
2000
2000
2000
2000
1039
1054
2000
2000
1054
2000
2000
2000
2000
2000
1088
1046
633
1023
2000
2000
1023
2000
2000
1086
1090
2000
2000
2000
1023
1007
2000
1017
1007
1018
2000
2000
2000
1002
2000
1031
2000
2000
1010
2000
2000
2000
2000
2000
2000
2000
2000
2000
1019
1002
2000
1012
1002
1012
2000
2000
2000
2000
2000
1027
2000
2000
2000
2000
2000
2000
2000
2000
2000
2000
2000
2000
1031
1035
2000
2000
1035
2000
2000
1099
1103
2000
2000
1039
2000
2000
2000
2000
2000
2000
1045
2000
2000
2000
1102
2000
2000
2000
1009
2000
2000
2000
2000
2000
2000
2000
2000
2000
621
633
2000
683
633
1072
2000
1062
1085
1042
2000
633
2000
1063
2000
1068
1063
1068
2000
1015
1015
990
2000
631
1020
1011
1053
1017
1011
1017
1053
1059
1065
2000
1072
1028
1021
1019
2000
981
1019
2000
2000
1084
1089
2000
2000
1030
1036
1036
2000
2000
1036
1032
1070
1075
1069
2000
2000
1047
1043
1025
2000
1034
1025
1035
2000
2000
2000
1031
2000
2000
2000
2000
2000
2000
2000
2000
2000
2000
633
2000
2000
2000
1038
1020
1035
1029
1020
1029
1035
2000
2000
2000
2000
1049
2000
2000
2000
2000
2000
2000
2000
2000
2000
2000
2000
2000
1044
1047
2000
1047
1047
1047
2000
1081
1081
2000
2000
1055
2000
2000
2000
2000
2000
2000
2000
1072
2000
2000
2000
2000
2000
2000
2000
2000
2000
2000
2000
2000
1081
2000
2000
2000
1027
1008
2000
2000
2000
2000
2000
1072
2000
1018
2000
1039
2000
1014
1037
1022
1014
1022
1037
1052
1052
2000
2000
1038
1036
1026
2000
1031
1026
1032
2000
1049
1049
2000
1061
1047
1036
1033
2000
1035
2000
1035
2000
1066
1066
1029
2000
1048
972
991
2000
984
991
2000
2000
1016
1035
2000
2000
964
2000
2000
2000
2000
2000
973
2000
2000
2000
2000
2000
2000
2000
2000
2000
2000
2000
2000
2000
967
2000
2000
985
2000
2000
986
2000
984
984
975
2000
2000
2000
2000
2000
976
2000
2000
646
2000
2000
2000
646
992
992
2000
587
2000
930
952
2000
943
952
981
2000
1001
1001
2000
950
919
2000
1000
2000
992
1000
992
2000
1059
1059
1015
542
985
2000
2000
2000
2000
2000
2000
2000
970
969
2000
2000
2000
2000
2000
2000
2000
2000
1066
2000
2000
2000
2000
2000
2000
2000
2000
2000
2000
2000
1069
2000
2000
2000
2000
2000
2000
992
974
2000
975
974
962
2000
2000
2000
2000
574
986
941
954
2000
2000
954
973
2000
2000
2000
2000
972
2000
1015
1024
2000
1019
1024
2000
2000
2000
2000
2000
2000
2000
1013
2000
2000
2000
2000
2000
2000
2000
2000
2000
2000
2000
2000
2000
2000
2000
2000
2000
2000
2000
2000
2000
2000
2000
2000
2000
2000
2000
2000
2000
2000
2000
2000
2000
2000
2000
2000
2000
2000
2000
2000
2000
2000
2000
2000
2000
2000
2000
2000
1023
2000
2000
1023
2000
2000
2000
2000
2000
1091
2000
989
1040
2000
1008
2000
2000
2000
2000
2000
2000
2000
2000
2000
2000
2000
2000
2000
2000
2000
2000
2000
2000
2000
2000
2000
2000
2000
2000
2000
2000
2000
2000
2000
2000
1082
2000
2000
2000
2000
2000
2000
2000
2000
2000
2000
2000
2000
2000
968
1013
2000
1016
1013
1019
2000
2000
2000
2000
2000
2000
2000
1021
2000
2000
1021
2000
2000
2000
2000
2000
2000
2000
2000
1035
2000
1032
1035
2000
2000
2000
2000
2000
2000
2000
2000
2000
2000
2000
2000
2000
2000
2000
2000
2000
2000
2000
2000
2000
2000
2000
2000
2000
2000
2000
2000
2000
2000
2000
2000
1034
2000
1037
1034
1037
2000
2000
2000
2000
2000
2000
2000
2000
2000
2000
2000
2000
2000
2000
2000
2000
2000
2000
2000
1039
2000
1034
1039
1034
2000
2000
2000
2000
2000
2000
1016
2000
2000
2000
2000
2000
2000
2000
2000
2000
2000
2000
2000
2000
2000
2000
2000
2000
2000
2000
2000
2000
2000
2000
2000
2000
2000
2000
2000
2000
2000
2000
2000
2000
2000
2000
2000
2000
2000
2000
2000
2000
2000
2000
2000
2000
2000
2000
2000
1027
2000
1026
1027
1026
2000
2000
2000
2000
2000
2000
2000
1036
2000
1033
1036
1033
2000
2000
2000
2000
2000
2000
564
559
1004
559
559
1003
1004
1031
1031
626
971
563
576
555
973
561
555
561
973
1011
1012
617
972
574
2000
2000
2000
2000
2000
2000
2000
967
985
2000
971
2000
570
548
974
555
548
554
974
1010
1010
1014
998
568
2000
2000
1002
2000
2000
2000
1002
2000
2000
2000
1022
2000
571
567
1009
566
567
566
1009
2000
2000
1020
983
569
602
602
2000
601
603
600
2000
2000
2000
619
598
598
2000
2000
2000
2000
2000
2000
605
994
994
2000
980
2000
640
1034
2000
637
1003
637
2000
2000
2000
602
652
641
2000
1019
1042
1020
1019
1020
1042
2000
2000
1014
2000
568
568
553
998
556
553
556
998
2000
2000
656
579
567
562
552
985
552
552
552
985
1032
1032
1035
961
561
