518
537
1035
527
537
649
1035
690
690
2000
942
513
575
547
977
555
547
554
976
662
662
524
964
567
2000
2000
581
2000
2000
2000
582
930
610
2000
960
992
565
536
986
544
537
544
986
668
668
664
571
559
2000
2000
679
2000
2000
2000
679
991
991
2000
634
1070
522
547
1033
531
547
531
1033
692
693
2000
619
516
564
600
2000
583
600
583
2000
681
682
640
520
551
2000
2000
596
2000
2000
2000
596
615
614
2000
973
2000
633
665
2000
656
657
656
2000
1119
1119
629
650
633
992
669
1055
664
669
664
1055
663
663
653
993
533
543
533
654
531
534
530
654
627
627
645
538
535
526
529
1003
520
530
520
1003
713
714
687
936
520
