505
509
698
502
509
986
698
710
711
595
567
517
666
683
2000
2000
682
685
2000
2000
2000
2000
1160
1123
667
2000
2000
2000
2000
2000
2000
2000
2000
2000
2000
2000
524
524
2000
530
524
531
2000
2000
2000
592
609
544
1063
1069
1098
1056
2000
2000
1098
1011
2000
1076
2000
1072
1103
1111
2000
1102
1110
1103
2000
2000
2000
2000
1129
1102
690
687
1077
1070
687
1070
1077
1075
1084
1031
1134
703
1071
1051
1068
1070
1051
1070
1068
662
662
1051
2000
1083
1056
1069
685
1063
1069
954
686
2000
2000
2000
582
2000
2000
1065
2000
2000
1065
2000
2000
2000
2000
2000
2000
2000
2000
1084
2000
1085
1084
1085
2000
2000
2000
2000
2000
2000
585
550
2000
561
550
561
2000
1009
2000
561
619
587
